864760196
596862786
565520408
22104442
415798123
907174995
854291131
354974406
905480957
727543611
140022361
265810317
953959954
169073780
312770128
486574924
180966054
5192841
551597485
737132087
117968291
515830531
640865473
724546231
375138364
607383549
364876323
317030938
401983863
330126333
275239591
500746551
192589003
172335226
630322659
73638139
132622585
595107253
546935164
658873382
795682050
650984608
181837351
218781386
780869885
834795023
938105431
893164818
726106013
367597728
439069418
829698143
121159930
829630563
859375479
663923522
810684664
243898691
30765817
91550667
437997186
685174257
946328109
22871000
487927900
624127111
12000223
684247021
128012504
410307289
949728598
551475755
447859949
977346405
55580615
201115067
139264739
525196167
47708122
771985893
196020513
393663293
988358836
636479581
810631168
853344713
10977974
875303630
943707713
669618485
902869481
326853563
311026512
188554535
375963152
839685302
7987255
324663865
263079187
46428392
580186994
149358261
315166475
263799988
954694868
12327717
42877358
647741034
80992273
799574317
888294736
608473141
111827062
91284012
363176711
171027752
872208620
938124919
984661892
885379548
523670236
610743119
507653953
270836289
715937656
54627337
866703156
252177972
869742282
772319902
848199241
493158452
707853012
886395114
983475772
919841432
212631024
479017349
818245608
609587620
446060510
857420966
673950382
924265867
563316080
730017101
894263871
449704907
618556778
986317313
78114833
828898174
211552225
277580946
888477043
359533961
85470963
277946844
598467288
452557140
506551182
616623114
316077608
219899929
804819635
662265971
397144566
860068466
415820918
475694864
333801983
94918020
721806851
572096323
6279396
654476900
72187675
270842071
102126968
936522319
363831186
574031012
517177117
808561283
331451664
347838901
246887566
213717498
971271331
586455573
127162585
636292126
719906045
795599058
928474673
508767265
138715218
768056767
210480153
322247243
495084833
392315964
511615213
306204223
859037540
749062491
718949597
426828184
518719766
771666832
19287287
678900256
137978994
577860425
258017761
93303990
935354875
495424976
169518270
276724739
914254393
213350412
597668681
165048767
774736878
5021183
214470093
970618438
274715948
774377059
678516304
353173416
452484283
697336699
521263528
658129256
519908792
592126028
901674826
630467433
81843503
344347191
329884356
395752849
773646170
810390883
578317907
270634242
955313180
295124806
107487078
595343355
692867101
179515455
971582379
48992393
249766691
224757486
105495139
337207196
600330226
305403921
646720791
280336094
940027926
263027918
75881853
901971497
448200113
858705493
455468312
858768129
531968693
522906248
226296801
236588750
408216529
454033158
483202669
822197734
610891493
273830494
803142436
207956206
842268460
733817834
963479951
68275900
241130557
923171298
841530811
539716041
790158908
580344705
67787564
760536025
897685727
541801085
353522719
649312897
761762557
763781093
539969288
588073253
250037761
677387094
173305688
218080171
636284708
358773437
699873193
46203293
203509469
221161553
182568202
783255067
658195773
556936918
203950884
125598809
912411997
922826001
575806812
214218889
263014044
262777194
823577264
691610235
783721922
393990339
641342613
739587470
839932071
481240685
755549006
849169148
532278483
571190188
383725232
492150527
603272673
837275330
135505177
773174235
199837096
869656840
853438760
65126340
9859310
607286589
492122844
752309952
125426906
87326759
142866747
121957673
853723930
129737549
892407030
330052254
192806534
888990090
243033877
490125319
283573869
997905404
703646553
458077957
916958494
980154765
749353650
180822869
63420856
603731965
351407683
970892374
385390433
872435121
722072072
87489735
812822365
770455155
770300756
265410048
955411563
618150778
735931167
668273533
119333889
239447370
404670405
284188977
543071272
304609360
619465125
804740810
218418755
221915665
178753253
453191748
170465488
884275692
819650885
289108879
687293800
354509291
938245639
112868002
49817709
618538995
301095430
99178932
348730109
445166928
776997601
669427405
102241526
328230917
170706778
331143640
895320612
130364207
857309276
564542554
131699435
385971931
317650806
190660605
36157602
766509004
789061863
844957580
700869059
943502339
477205462
302577650
627988268
741318818
699484126
978964823
910880106
591834473
842331001
665400108
282275879
941481443
99181444
907211694
562861516
388799938
436148490
783948072
516016880
800152413
592323467
679002946
225181086
7937282
880236978
615837940
36991587
461398893
473500693
563021728
256252209
141356284
79779535
387058492
67170623
701179940
716677162
684214052
318446786
166302006
87902749
255757389
487039429
745064191
392912426
954038001
370769826
608510242
978687199
410180622
733562138
896449691
982894232
625076341
243693623
747099535
727442735
378392900
440126119
461072915
604865193
957613382
323922806
129268992
118329002
822724828
815872351
547779526
64408913
182110941
984668811
480668397
772502581
39712280
100519679
298544786
495074576
35545100
120805118
370291304
17536731
62956535
289386489
654148526
180482293
90416958
817157951
880653785
407793952
895832969
600079866
353111663
9608637
349136942
182545385
772140652
36191604
4906785
780847028
607566695
449550341
62877582
908462897
728022089
711207376
956604566
383086692
965646813
548772474
103638820
658341570
948204307
54970149
39095091
23712102
564425721
35873719
618179597
20965198
99032499
938582614
897765273
331715645
413113670
93657390
470316965
252840330
142134213
424315851
55012832
292020158
157230465
500878644
617960229
221031468
985373240
427302106
206472849
894237469
984260733
473834955
11868138
714037830
974599580
718939302
353110165
653172915
50661068
801049080
671325442
640617628
935260837
20998311
541847252
864914532
388857175
715179510
353668957
65321441
970335532
891370496
258724064
203858081
698489788
33028407
316522730
423826781
286029060
577727900
515514501
72961818
360616522
455272365
483788249
619933125
173508057
518396554
294137394
742091360
662392520
436279182
959756100
493497865
844834499
474943441
245115202
915809888
504096136
481868362
93948673
427100219
764527637
526333524
94172487
707291559
973878136
638508863
501483906
313525153
788212519
816600404
449488769
803561278
406025030
916469111
564298329
300579202
220267818
4363652
414652184
432709330
388241472
767154353
883628548
259262722
868812303
2852600
217364610
809023909
94277693
96364201
437849113
836968045
960495108
156686395
180806041
773708214
589001236
966733064
839225762
858935470
209239314
309057598
677679890
410967008
675623576
394639769
48315213
50652443
378765745
594468245
433552409
917877637
530269101
937413135
795263770
159226536
390767476
525622087
968129046
868570443
841609331
940831180
211818364
302034311
314941091
459390716
881639920
47542836
463506682
407357548
832996445
464297219
59554043
979744867
190206598
106454523
374222071
489625314
849366776
552206235
650816270
723511970
628348233
362010514
751137886
585400317
616917280
252553759
887441741
118203134
87562057
718060727
368464413
469373192
591963487
916551834
441762282
563605097
511815869
726168630
159659871
265822979
59050448
523039105
482931599
973163249
352327355
400784537
232604201
991999341
312969950
827044374
113632975
244922832
660760930
531364183
516394735
318145131
802875478
668539500
27775820
664935642
240788368
11334335
553421968
384803503
640581959
484631716
906177175
879803174
627646838
815507317
287269179
713693779
16189830
4244667
861560272
761437451
528578424
532778659
823912615
101490153
77316443
90094380
437086164
785013826
862967276
330523477
666215815
454400679
484150261
877218492
648130552
788552226
12071599
710910316
850543846
88431091
631692128
794653627
857571291
528979904
285884197
771555686
64212413
978824756
171854768
109762563
91214678
123971365
353664405
408717131
260878544
68047586
859925384
313612964
375138351
94050585
201716980
589384452
93279711
624529712
366213830
556290786
396777738
447605834
142664352
578063744
11871056
292175947
952550802
149064156
867136580
450531425
695137097
719427960
409325594
335967366
906898673
92347071
488956248
22990233
205093337
733459082
436512432
982173082
716264177
722429611
172835561
120527622
681410343
595060035
653023563
926837340
969594506
902642090
653965228
422918398
684049893
625875451
286369474
226687060
196804720
101057763
75209225
994019033
210895897
218250244
3515038
41632316
814928420
977511447
980796464
600993558
188503826
220863612
841277023
875378028
125207006
372621673
771176132
719839298
238924846
839634966
969562945
462279602
961421914
145721128
594495058
346353197
803032329
636425688
374224870
869034650
766509081
848029314
190552126
858796326
737673725
670329483
135720921
205320484
980436229
573113594
268246003
977267478
135801907
805682592
594255085
173854785
526801581
707286055
846360051
955645464
397237573
379320535
687490732
521854493
641072544
337961340
915209308
314531074
526053496
344964575
149585611
448979083
365906547
386147109
596959023
433949025
564247718
390793479
617242659
393236130
227486003
578756024
248016460
252724696
156987761
198247133
878123621
200746775
150394808
943152269
696244510
483588079
553071813
263748710
598727375
882480182
527625616
320409448
263046125
204256017
754696751
960379876
878055477
343821922
323940985
992581373
719905366
209604846
387024892
41703102
765605836
769866906
301453416
200247608
363506435
738362584
382051015
865387438
535071044
644600908
348915628
367449679
357014203
429735010
759057123
807810057
688396611
990599932
991322124
479206244
818393725
380395526
676160318
998946041
477416301
726954266
575531010
386562416
773583978
998868221
468144941
389346729
306598829
960486783
269064315
168568586
964186671
94252544
187348755
335013845
464564780
493843793
203707783
695463898
264252437
551214577
145413798
653741762
399711103
115646554
979268991
227576561
60407417
402045607
463411205
17259397
620518440
34300213
336018181
461244732
282280291
21145010
188178936
340680466
449967325
988932969
43103593
42296633
107418181
940330971
358878836
483964654
235034948
461921738
147083619
73070970
233715825
884594362
220722738
543676091
839725667
135134602
854668806
49694875
535368068
595475905
946594126
534352444
506949296
829915332
791582112
10389757
175585264
764631357
159993944
106157653
499309250
458162905
515224223
63681744
381827830
131098362
760311830
402798187
506685806
19066819
877700086
781875907
867205009
602723002
843655155
250255051
531052340
769353731
146930654
992689774
180011235
544057824
784475220
60120236
155334466
678936468
713753520
147616605
909154645
566173046
747931620
974955384
141147273
622573058
603011233
176335368
347054653
432007244
537116395
673731918
32574958
478246484
969947129
236956873
565017055
887001026
966496588
237661295
291200353
607314519
677644861
509906511
937781116
706208290
941089774
734612543
123316319
732932561
376756661
705905894
380179569
1839442
232702901
384047527
996136104
514626946
235053749
552040694
574193510
7193903
167506060
11968514
156465760
856532820
768973817
351817611
487742070
98785420
818846952
863793020
216308322
377763504
681425199
985936261
431672015
745415382
490346399
316979720
600778421
614266825
883569617
406952636
39600811
783167064
873405611
348898141
203550001
585073366
931728205
228197197
940739374
761288152
171704277
33330596
928607658
735741528
180363253
633904023
336339874
33713041
271557524
728645699
790870344
193604854
625073543
968438301
418250800
235962840
814872664
314191250
783835640
930312346
107864298
519358474
100517075
750205793
811392489
875943214
542849688
422424632
230435318
452711620
839035329
691178014
262985484
727919896
330986062
256078510
57590374
564817172
569386749
159157198
854087395
536266111
417432577
939140309
260750016
728939623
774880759
791830775
155784866
216465553
523760644
606873380
344840664
793522572
600868879
749675729
662847398
112934225
913148643
624500972
715474121
301922148
518124406
609043865
806001324
424489304
715775124
917462889
364590152
931577735
450061826
954442381
674172461
196610809
453362222
253493748
840538242
296714247
150285871
354858587
454300246
555443062
688860097
896002240
779781996
454428917
161743877
653923190
836152373
445251567
83048968
460639188
78461822
694826917
30994889
963212131
904060459
893480566
790553435
116500391
198040012
140730062
964232289
129410783
485725797
70376637
154821904
783595806
891046484
163538583
927319237
684077870
328942397
620688332
474106054
708312795
384113400
54139386
841402087
959785852
774621998
845048569
958895561
922522544
873880292
969255494
897731934
821984603
136890485
444285104
724382185
109823526
81747102
481034132
50725387
818150685
890181352
951796653
714029475
745593151
681339775
161228070
370277785
383652034
194551932
703191519
519942630
805660000
377119964
625866286
950159636
277929473
110724034
252433842
627666333
844603151
39175966
442463658
710771921
580128875
515412476
156384219
850048651
729300487
910508805
87556475
755719452
735189761
213529348
201212619
987983789
205510
294558315
352966015
272699585
452166685
601393923
208958486
465347579
440599510
524470416
366786351
100998660
598916544
639806792
146922347
885322217
823631382
966492131
905936601
567605729
771061850
225591494
50214707
238873085
684408508
366417740
247371716
601484745
712773709
853967457
437826605
726933254
23399141
416091111
115412968
424597930
478425182
402792678
743318425
924621030
513919952
207455834
584197749
150624890
479453469
108142715
446555717
121708527
65750816
68397953
315798627
885794716
452451370
191724830
934054649
189304872
951046104
497247013
592343363
824477341
502851637
464594667
707758623
654276435
798822947
604797243
243378401
643613190
397199122
46279329
867725895
932740810
686945535
752334999
768592053
590827197
435274140
574732476
972823802
3096312
491944337
745478534
555422014
617862661
606154106
645662607
121961361
965144901
859753058
947378938
707616463
61878032
488869832
916857384
801613398
204184906
968341523
644834406
870268497
145447124
420426731
505733312
49238869
41967266
453710439
345394099
938806374
17201922
423366781
579542868
365116010
481399726
223716715
363467469
973575485
735034572
180513010
569458402
271762581
891885988
890013214
69920139
84280878
146314397
297241736
260230519
976285201
889418226
234080956
994422647
385197792
335900049
502546548
336421810
810681200
187326404
470192167
511449750
311768120
218178384
416441124
385836226
307474290
53070130
587508766
36322699
780165754
362631423
149911478
417892545
642174020
972302930
945611566
596778111
381694764
153739005
516132761
105853950
996352124
597286487
12452326
174411831
108569494
482474253
252304098
403731783
118719950
735710165
982575464
42490024
697741079
791884685
231100385
401439052
642308793
145586795
323016023
723986944
665965036
579108098
540609315
277692387
316359077
578318746
37422650
220173705
241034987
47982083
823007851
649595915
593503020
446577023
23314924
181903850
382849001
362872901
280579082
407887128
489929184
861378940
243693213
650236041
367731611
968047798
970416502
500677842
896468854
323239565
213589068
891217175
17191380
648063415
893211942
54406995
480994759
494715349
551595229
678751675
338036643
861346418
376489068
941568306
267187815
742482594
112720971
713754058
632632861
925794791
483145037
151353133
663428235
717689780
916424737
488817175
691928095
48708880
408386543
597421165
810313991
125075662
897233741
575844688
552694690
631909024
668768324
413916281
299464682
206164033
581940239
614171723
471737223
52734356
689817879
661463951
752806170
799800354
98287402
414318614
762029108
785868507
428923715
669521943
900691136
354723592
78787657
635874940
331629316
810008017
860856193
293381010
274190704
261331520
655703905
662224550
32675467
277805555
50383128
913445821
559973372
603268019
184089139
526377690
726735604
49263382
488931287
215320427
636163418
774024155
120943630
74357825
249734595
34498857
143337524
476440622
45145050
917850189
997996632
656886317
131691996
777111885
121303459
370586872
96737417
673583232
351068941
490405172
380759600
139527527
922491808
16586963
995685045
476401352
954504179
164340756
664406901
683505138
973453550
698957373
995908237
729556834
556372677
686010426
980600661
839884315
425225422
423210782
369598534
349476817
815066906
453901694
348958697
310708287
615145583
284812673
882398500
945662074
907871842
391871434
479418660
196955865
881203352
160090702
495490611
220971813
227139495
917153100
361388174
772030607
191321826
51348443
103361213
95405382
812892259
753636986
442903956
437687712
316662197
523801651
978673290
664937796
257898918
98554343
770873046
424122516
7406919
47207262
284075838
597085861
415386463
172834152
578908181
351528656
78793947
791949294
233444770
108653216
282168291
446422744
118132175
69233001
455204130
886953356
427412328
532165336
573728639
392065810
900468729
896655630
661663625
306963405
380887175
872789250
787776512
18176937
822772009
120667701
680904187
513417357
649083368
87106917
485573239
600881952
540567051
145128371
670459372
608357560
344064085
776178823
288247564
624434149
264487249
935066695
929740583
908949251
800395481
845421594
105604851
160476109
247290454
409495270
475155310
400730293
47829904
341090
642276860
407072510
526143204
416780134
803031876
557886221
382352794
505256785
412069121
799855351
710528085
839383508
699835327
163587807
191250594
56506014
636158918
288055714
937757205
56854878
147871832
374092307
391590874
238192928
996028352
667705172
32344589
429410228
464655156
964642205
488314888
211837744
334211251
856564445
696830320
147585421
793756064
898302749
576640312
311929747
203883987
991131229
959498112
809630741
428692941
591300209
192333715
309281818
982649671
785903730
160102660
431043496
693807035
182726731
745674174
648259728
237286938
343324786
185332725
693080844
805749640
597030363
657748585
720133399
22363975
454547825
29095015
123651844
430932100
149385389
551192580
380275624
354779254
147291332
955719294
604115680
146708394
180731609
816528237
511443941
370815117
623982215
868022555
549222920
642981593
812315213
640789958
471528954
55203561
33277444
939638522
452642262
210435108
239871938
409353661
686459890
497160104
881057957
421838639
869568583
425503679
534162154
675442706
44429
228264598
64508172
594927291
826880474
383561815
879341294
274707555
54158530
797262826
526620403
462692233
61002637
827168568
591570060
598422032
345641518
586818522
287827748
177884184
741520004
862839581
734992001
881728952
863854650
476140795
640232904
652499539
905347814
221362443
221014899
741778728
672946143
940086970
852608238
856822832
151336731
426825796
753847800
491321927
43107097
532194827
12519792
697182656
311231043
603940737
77151699
694884987
373165358
419636710
266607119
957234511
286567379
770050721
89205642
716034388
716784963
782331345
137065957
314887907
971134678
498073785
395008697
97122514
864290371
825663021
561187225
177730587
979805973
644513862
687899784
914884864
597047390
170614209
63943497
287014577
914387113
910816060
71230491
278748635
988829385
686676763
238456479
900534619
814228537
739988348
938034154
900563367
854523906
643277287
856792362
209597390
600227162
721844661
733924989
102319388
341043560
429758916
355344163
876357271
384572794
613960834
568252115
698387855
352021278
660606919
765292263
585746748
737135008
766557017
408851407
559370023
846679414
257025572
209515532
729800812
182936949
497758391
982938880
511553769
576941368
916055786
314597511
381592131
871162884
34059739
226187420
380634770
767473857
512664053
406181043
642985186
790510753
39283913
422066308
44235735
429218417
114468925
615398672
814241193
480323632
353119204
526836865
605361224
939161552
332816128
494054953
136997859
338010295
546222897
318548328
870743728
766523866
65780222
62364722
523214471
270450924
708926247
283940803
118396204
491287275
30875170
170453650
196667005
188237327
448541516
152977963
505565118
197615940
107666591
568938897
294009371
91872904
182918237
812226546
744830931
833249377
292811444
919444739
48952821
620289044
543962724
184529255
718261330
17771949
533051978
550266755
924403619
531403956
22935614
89611842
181647543
725862085
519457943
275838067
693120705
625627822
801274161
659438216
156795515
193775242
174144915
660233501
66486882
258893460
774005175
271802876
488926433
439895244
652331942
908559288
495495202
883444411
390203475
407022909
984162484
959687685
757233289
514413695
532358063
850476851
904337906
952045599
860067126
290963232
338016958
632284877
43038474
436228627
293312584
965428567
507009011
740550902
938974179
109224072
358721358
47115169
476013582
813686914
395146607
246737248
873088981
577505069
902196090
935040216
326922797
342489998
328918853
498996119
838954599
319179760
708057583
279507352
68932987
893343561
894600460
952771182
358995215
350998124
628821733
856098311
276767126
303429275
577064307
531635524
256670887
725965270
904099231
375267842
698310340
627148106
254280317
529906522
373280373
64280164
861695185
966454973
975456532
32004635
528549949
835245278
985955509
936317479
659758258
997641937
948111952
77160816
652299630
539322447
5779487
879576271
787697646
307893964
859999765
764753936
418613344
681512735
539460395
617245626
800201548
350984250
142047849
17929044
165229899
356227959
123712907
71168087
745285737
984074021
321675691
425193585
792659730
672518232
639508938
644248151
737696211
31971775
28160518
329218502
837042659
359750870
265203625
293862017
264764353
222730831
542949741
444282707
380031774
724291536
832223062
807890761
954554996
295244272
968723436
221680363
600305117
472604355
632302228
739647691
634029025
362990598
683998964
504612046
643760794
209996263
641741704
754004897
518643599
275416505
919027464
743272345
203041711
178969837
271413845
271964342
708230533
179239376
284579057
931521264
728895654
590592772
765888062
410216681
862454097
282708441
279497905
216761850
240382246
348137666
689171496
699007478
461435441
98954110
597388898
243603825
353236305
87520925
867402835
54167432
539594404
848374142
122193157
160101710
236017226
127077946
653446863
570071065
13873775
638951410
285610269
258872741
392994534
205986706
888317980
20560541
904304147
60530997
143736596
857446143
36620805
596458791
108092401
558130417
693726325
342459351
505758007
915480826
935069007
355391203
319386780
436899772
627391983
267851114
172219295
896055019
373641263
889795079
115498841
364782020
742622005
478299763
866025075
440513573
700774525
925184923
441361754
901803861
660114511
801784062
936189361
326944492
943721535
815879818
989678458
142549908
782047870
973708055
110476662
192159481
181506509
306534835
143432582
426919886
550636102
686196029
488864639
284905489
110650304
116476728
975279680
306166586
915513920
515786514
231896401
347991982
117930647
86361897
936747057
693487290
292777277
614948216
16143522
879281270
531890869
749810180
209147412
792373960
221414173
837566454
197734018
206876422
360628960
237659655
842432866
924003740
660930293
8191066
183793404
411946787
162641999
958019155
759719242
170328759
571105925
99706171
732072393
681368859
243695046
809031015
865643067
101662833
126174808
618624823
502310866
752156547
303520215
9969143
567140349
319567986
818948051
964544677
55059092
288436523
100643939
960806026
414910551
80871466
708567915
642373361
223629132
766940100
661552092
507463390
640534632
461961354
1233662
825000951
599352674
339099314
621180740
69732475
713619114
264698779
552384326
834357198
998591140
689510007
828916208
613008236
650619030
328434270
675447904
996583214
632006053
479524755
854705121
430525329
490860148
859585578
225538425
842652080
957768327
267550185
282617030
410971762
593393753
193192755
146282068
671440826
950594896
166152337
300493621
338688176
229833707
134000864
774923174
361372829
362950079
9288451
693248553
879879205
578491707
437020041
583915677
963057804
538948948
989541410
31943130
994198787
572350656
468611319
552272320
244920949
692597220
246718125
975864945
116439052
656239948
970111013
697795696
712162767
532431305
603211131
572419301
256715151
568930507
56222822
486436853
198601649
646266162
64802845
892560976
349838110
590884595
461226996
564216324
568658660
441492253
404911483
255872585
687801732
244615701
449754987
937931932
319099546
703471553
399574170
845765629
557467325
642192610
438628646
860998669
192181637
645074246
802043535
126447422
260118202
242266631
861051308
394605182
408326199
211490299
341188898
845698358
321875370
487408680
704919337
367999542
682295931
151719265
542619657
80223367
862098408
632803778
361605416
393642007
943653015
273363387
660368135
56294407
344161356
880063725
82693590
797773666
833578932
471879607
757389010
254738078
990066900
871779717
21995610
815024130
624966784
874812324
639249534
426910981
531203756
178290470
720765442
168818511
191298465
259698633
756816862
467762361
679712749
280688523
365504832
102306934
985825777
72506355
83486821
381411496
59612112
39257716
274103101
150688440
210950813
309718999
292559352
704953086
755819472
951251685
897168534
455444129
446665150
229531436
124641707
690322768
284729566
948613991
433500009
452541310
655868250
857581473
870903636
808774594
275039783
488052107
368318182
88565147
575371984
817486862
252763544
130360085
592374988
122173049
955725096
30354067
273212590
347994123
143912769
78598825
750108000
441584808
725242368
627477414
980228075
344173327
680972246
955301953
83367542
799227017
90105901
213115978
175958490
327317075
447363919
486273262
343046572
136577505
875453366
382055944
100560460
135273632
305525932
566218613
978669218
407547259
870475819
287889079
939396848
273008727
513133476
51126047
867735353
716102206
710139989
182930381
476161670
53168547
155347738
951798600
513258629
207069602
763976847
775568063
291608560
964210774
763269086
601435774
2241841
468563939
417387850
270511089
294881071
562115277
688294016
789038046
528405103
821174711
53396544
976452681
98190055
416040500
186126139
995058571
587524036
849439611
471016025
764343812
2763993
669048610
718853296
458034157
251481120
800743717
43670932
131650083
503928240
432754652
345703268
515693005
362606612
132575589
293373067
302231709
160215287
973834559
580804650
236306250
202306220
466914829
731990293
739622401
390198436
545961243
373235063
738620336
242223329
26731430
79256018
547490886
152785327
894501644
337145774
611135985
15945613
188198451
674920029
446702281
195172480
326435316
423549815
173092492
365281317
129239215
978197479
705579340
34079735
825368570
324806619
880934982
947242400
293859735
772954756
835888699
627208943
433833260
743727429
674359683
786710313
146561047
780144520
31112765
764292680
503693620
49749401
182791859
365367074
934164724
546307579
919281390
494143431
360621077
338981728
806654154
375461681
74040573
725599276
360282052
495310575
241081926
994099072
967402076
655888067
956032642
191615058
302195710
706909348
676399723
316311291
377507675
382073148
838154219
343359447
66136406
543495780
108736867
594929446
669158121
42015417
300014719
371447490
934135740
187867076
100168592
668255631
615943749
480538593
518965629
168042242
938683862
289761545
900649055
628920283
614966484
578941000
725245636
989223154
935173694
688632995
219054871
780604383
991496747
41515738
466024153
168020034
636276268
665728736
208690743
948643774
895449820
695909925
265886603
140582903
341241181
31089085
199705457
28002168
13341084
788774295
659592038
244979590
541583911
549019152
870259646
891506667
32590812
203451088
776117393
672294990
358767179
310172088
720131769
406200036
753796152
468766024
285163264
210591546
634517328
253412004
507930695
299008592
295588075
634773037
851921980
800475122
481068702
675682616
444672881
353350734
384917904
313473130
790995912
289264892
869915591
61583196
322370457
454292054
800113689
247622494
333525214
124329009
21188697
582921195
789418888
852796446
902754077
263469616
800255190
166975375
26705755
822832152
895092642
695896887
965123840
72112681
673075263
623592596
480075505
229810850
977897405
369844352
409718874
826946275
382644689
660825579
109019976
690303282
379939042
313519758
619572613
715175708
833563780
646538623
604379701
893384605
643707515
497803177
827259363
603346836
294861154
647700375
483782689
298480657
454502180
398179765
569833142
593247906
249418021
44073117
795116180
642265123
917065269
613712484
861347956
833318023
17187665
981945016
422098449
238440060
368851925
939600139
247904203
581375013
11712610
350448674
862081435
689819537
987437414
657925030
796350300
790645662
470823194
204133528
427304917
354519131
382694509
43414909
378911758
930377317
512409658
986253105
727809531
424106837
662357382
229694357
673984562
170503655
650268096
677238329
938790359
392353500
141923630
333685998
374755194
21129353
296947253
68094428
804452920
944345237
325608680
386935054
741876515
865900297
864640848
632844235
895432741
37129194
898737762
119042471
417738867
667006973
161071250
396130981
877221927
216630043
716982799
977561706
652274698
868578462
956776241
258549984
518825539
791656233
124694606
283088876
47805964
312286448
909945452
146777040
926991885
833146090
459013977
83786305
449927377
793708238
957580190
937474250
285257783
296743697
799755432
58682047
570840561
948773356
74941751
384999232
353523383
93829331
670898629
748469938
471474536
875033728
592611212
611723696
161060394
832560384
163796557
895341879
876315442
184709899
514736801
394912105
642119889
961899321
352020743
697619195
335592955
986816381
892679534
806852473
608837980
911528771
205082940
727695806
131993212
296019126
733319126
35041351
609447039
487030243
174105361
965987100
179951912
596846452
338364764
569210684
115644310
330239175
71718340
763947464
665186802
725353874
177063222
755756746
624183121
777080882
687199221
7180827
442415811
570773441
429154627
575128307
329896622
409224694
645495759
956476676
189009160
92489522
648705238
655814748
993050903
425160997
185649876
204322774
43927633
297181811
189454614
43384312
578431707
693416950
400745065
681008739
22143675
949257022
289857111
388580576
288722800
27940895
361321977
544956483
867143262
629069628
113755320
10059496
108503457
262822199
230696047
355785552
74075934
233572463
246940045
195628241
608998693
99299387
255082699
26332544
957359259
385395886
142493614
773019468
552094726
100061499
833228957
418074274
791715507
675491188
996183181
535220246
327766327
868143275
822932780
564677050
245012193
281199185
246772317
760621859
787671226
363412713
723527558
147611936
357939053
877499899
877096558
562156015
851415252
604551109
905918505
97767623
413336383
49869369
778760614
158278009
854841563
308468157
690859036
797051066
750755103
996641600
978415096
318348824
5022762
206811473
302941021
221745198
377953067
360851013
606648074
765152463
52097286
346872892
472960168
353599741
360565552
637797943
234638243
769761359
832267176
290385982
559861345
218677227
999749375
267886125
863869935
165040430
377877
365552655
759633036
438553100
423739813
950105527
328481038
812644514
825870537
215377669
749331427
198854574
975517641
716703266
666033000
621724630
699085206
341917572
407489495
410019508
627921534
291848894
516171743
302286140
318924072
954576363
660130626
861764415
128417305
668571814
118496415
560930679
474890827
373025286
910995293
446263448
884951467
65990723
130636656
276898428
831903993
920952624
592220709
189673639
729470846
237314063
482480585
535777066
553370746
283707950
978643477
969671793
498746534
976645817
391222096
253311751
561250757
337870710
816822956
407726677
973677951
263635775
51074574
505665188
872684128
320804504
145404057
50875725
235586819
636150884
888489567
646924904
436101073
379846409
253937323
259390066
349769589
547529301
143965371
206879960
138100293
34598029
628633492
304739533
614515906
800589973
482551667
193249853
475908630
31675460
571076020
543988685
110921932
402072266
646188351
592704850
676462148
699758319
781548748
421034321
840371228
539033644
51007670
690817059
918618449
725601570
740570615
885373088
732471823
554790753
814646309
605771114
959344189
887688609
773359688
647464200
638455959
863980345
966939267
732386946
290375871
564323634
33329319
725732854
541748732
202173551
417574531
396614926
653611664
382710312
701123427
176898876
930395775
958655452
725424822
555233779
293781511
229074611
585071211
467799313
900040867
372249341
459744502
382704234
777812444
180164393
482442786
883155521
989935650
573455135
457667892
623005855
629163486
856117201
132124610
867916492
923409985
780960728
26304293
895950481
780004092
5198330
654839822
405587824
189624037
149295178
245069677
334590807
798189349
576354823
269954510
544600482
819642755
240781521
444564749
288119052
256353279
686500054
536080762
193654356
37526310
304728742
763744849
412892270
484884298
658704739
431486348
80919134
969873586
746386280
470574620
877283788
397173092
435120902
434701834
702089032
38702248
816521930
794638903
79851128
548354406
270904341
353120012
778235889
518501277
911042044
367638722
653399505
374269672
417945722
638780590
366867453
537955843
933018140
563893798
90993060
579935877
594090192
773801381
943140983
559043354
606777129
770960506
636980065
400047056
965945526
511566540
196152078
40607198
716022374
793281737
83957158
754557401
497918562
490176513
349512604
477608447
851759216
543862496
364607950
278769698
179887189
679699071
630032721
131933993
10494271
348922631
783865614
619950040
221218888
240928105
544212247
981531310
639760544
549129159
817226699
511540694
244500943
368179978
803895737
926564609
298992050
587065225
1430319
386344435
257036547
884436550
318793390
943816250
848148939
347988813
460278773
320661403
943168813
926100873
437537033
210373396
162368733
634612493
53092306
870413237
522683119
205901000
510419276
524457984
789826480
836593458
786909722
366181159
654669885
277834346
588312091
902480965
864918942
163114827
236799475
722597685
513518905
995584916
676286161
840709411
653741272
625429298
217780637
391346048
823862679
954918490
955051718
145162502
476341938
30905611
829959637
709305769
780744916
75081214
214177181
771826114
93562453
549002110
714485449
669307621
41362556
604623628
836699074
583796279
332794440
122673595
440489781
610270511
258764414
609359366
938057115
600978482
31882196
586179685
305852298
571577584
360541823
31235123
660122728
942290640
103270657
89090155
190397125
453138009
548679463
967570220
477567147
238494580
167741004
458592203
792764042
549747904
857093507
651338367
349802388
912045311
764985704
825908984
256546966
220210735
26388347
93493248
523335070
627526776
837278491
87255421
320453736
823940551
270755239
659459333
951213507
394695481
674778669
877589671
980464913
431909807
767522651
271912504
875753427
450679923
361770374
124594092
171473909
83913952
563625609
227178786
936355039
935634911
644898359
198374386
14796301
19511759
591477946
68081658
92761382
317733957
89102712
345643183
474865636
837589886
30258672
910805202
780179577
504479856
94815967
339390911
199761730
55692402
875056738
94337388
276762704
293049433
818010044
345006009
878439622
362500833
626003619
637508375
31753569
490958207
203994951
783775445
223383270
400233367
388891478
924201171
310857451
555903394
69983215
858210015
532537387
598529668
939101310
91507885
453715410
700056811
25913765
100184734
668523403
75252768
661390413
614569891
804280599
37738317
945719619
841332149
41746052
666017156
892439294
128967563
572773733
779123388
399135380
173852640
28920092
538083623
826346366
297793429
742704491
597322918
941739738
649725482
210139165
690302275
521206047
631029969
667749842
67152460
4040132
288245331
141835347
15243599
753832479
169254461
763682703
909468675
200668431
479297204
323653315
755270283
141403509
96088263
547988040
705408930
60671713
360350245
613479908
324464122
156779333
267880788
218130087
533527024
150644359
544843939
880584496
642615153
847902556
839659308
154702384
588708087
841739362
882825308
735656225
422279967
877544052
84581175
277326166
364100195
579349087
635361781
938436191
123579777
80115482
904210534
184881881
922752583
258791375
264798544
633149262
61076332
602303950
198168692
858513540
258739992
894129391
301833877
355755814
999579984
587854825
746369220
973246410
415450877
802115448
960061506
972407959
384099384
487429327
12376130
994744436
490034105
366122827
852998306
356849139
843183627
10947780
256934841
640539494
978344161
548498169
801084888
382170971
488389444
701541847
748595051
501486089
305381388
965363141
909847090
865586238
160105689
902904239
944272646
529931370
500601834
433331922
520563218
456145164
773437345
289324760
201423303
907350958
807611416
398698033
202034673
289737325
764284106
130358465
89914005
158754147
416368901
82398917
153831556
795567321
260737199
860399386
682144747
901384357
98787066
363931392
221054033
506603214
914550469
608108965
71730317
745179599
179046280
991230514
860982830
81252611
682352512
896683449
769176537
451656956
383460198
22208239
410090082
587206703
352120022
603786466
582946710
996929269
993331196
170930554
179240926
858079391
578978522
356544671
661628046
748554184
277457305
173329403
197117335
135656448
925224076
37815190
980990720
145425385
824579989
154528016
110079460
27648073
472540111
794528823
64527113
174456707
835299470
573796547
554492051
309759675
171459981
281682314
673623529
900040934
754788525
276582598
605402668
317723907
552114975
964897212
337233607
839815959
906095697
134028987
580384671
56034061
969628946
698271504
856361223
85230206
755568682
390377986
124448095
595430059
750329036
317241017
428972566
628146529
16116588
368376202
112276551
431090958
343831317
980137653
764685154
263637348
488811069
847845132
938052679
505979021
356757586
453265778
632067003
10129647
74933587
800291747
223375792
683918333
911713625
17059386
875824176
338951047
580603319
655050076
717770768
424837176
826159207
998718712
451081717
219500483
454923010
811954815
179796313
970233017
46690257
520847753
217375996
309229139
194332285
964519358
109169547
631479557
246192046
69328024
383392502
935892382
898573309
388096643
246391334
243468978
159793005
609697054
311786296
867218787
566733819
117503827
459066927
872803371
924841219
356296493
993910401
985907271
252215135
153996673
720705607
419969088
23640773
519024347
291506240
876760591
261233884
480251908
640829442
147827568
477452993
844494910
361717046
767696280
917132090
431829930
176434415
745834614
953382509
969349569
683358930
550898109
547575920
774950605
994058432
373289716
857286888
142225835
804154102
981281133
628569932
904117308
15651576
396066785
569729035
177305394
66636187
575886603
673983507
59309182
323999870
613228639
619605507
311026457
479014932
206394977
216815052
469293899
718292209
632731312
684185774
992986612
52053680
630761005
420934867
102918719
281589941
762125027
851268223
174112544
757566021
467199867
319172344
302324215
341777536
969794072
788896989
880902587
770873572
382296440
899470656
551838434
886764321
319408541
695238462
347167288
543419948
911988072
292946524
801437902
559898073
214829233
101900024
564111740
371978823
56329310
153827780
593483267
492270898
429360875
466068056
23815828
335496121
703340323
816520817
360077605
729553819
501775272
787783896
167190158
728354973
380707830
54830822
905054111
648799615
910160853
366241492
629664853
707766163
708995016
891112548
942039004
345231019
218823443
673476101
509038745
844240561
777297332
892140019
847309344
600396861
960552688
816680320
875679516
252140143
694375697
252596243
57505950
657636121
724789569
956125866
810868561
255013816
949053827
890057692
414361596
126097816
725686330
502097336
610211681
655977720
640582310
788980970
275416330
915356957
264618752
287776283
994164298
259188080
193855984
621530483
795778945
782527363
625915156
548595740
50028918
896518711
804440255
24054
217836503
997922997
747208731
405205313
764611914
876395106
722719162
819541854
331414474
849701616
100919923
143976672
741065938
231333126
887945376
13046513
443211633
476193544
459744589
892405459
574339352
254188653
500516057
277936304
777077703
304440078
810380145
28993873
795923506
43871844
87118097
466522303
941668148
238108882
379242449
332703412
181000970
346449133
476449427
84377420
75185260
86375298
557424789
923019352
162933412
575050830
928153162
334355617
431983787
283123186
639283163
932525698
146380767
686831483
171841187
293831767
906187505
118122271
461797684
702804893
909166316
940248758
859853591
177588210
150125449
853911758
176541359
321457092
395138584
542476185
449713508
975500531
255459095
735976434
681725468
9217321
550519516
21506356
4394237
600410742
132626473
182124404
698943048
864726361
395774772
982673170
177707985
175156191
364021590
813859809
517169016
856217748
415393940
595476545
976984966
44802435
16547439
902439028
716824296
61293969
441514202
198579613
232703595
539620327
35626256
132422966
399546960
603663879
400990891
150333308
360239699
271646816
771602880
389845341
577142087
427929132
129065340
471297093
358485416
73362440
336329226
509229350
93175118
985820420
363679117
556618184
497102290
186254005
943670478
912678368
688657786
832350868
476556415
495763733
56639765
697642408
409539551
346248382
690395558
288518575
529655637
959753831
914470017
300235127
889390832
310288535
327040858
402639873
636938290
191683495
191710296
307423653
176397
193784591
541376350
256078806
245189652
319603069
456822452
257478210
328557235
173845508
700114024
329692704
617659213
937286549
306372855
798655392
213861035
412597507
59417379
904117901
948604104
526002972
617591729
307462418
910669756
287530752
907849520
843682328
182985467
640884817
803357907
656826909
409558977
254270485
544824662
703313241
674949684
999718147
14142780
374864273
387841303
709508561
589436950
938924098
803905828
37408230
612425118
561115322
703877654
615250839
691482389
940554424
421180646
109655849
18962735
873615531
903284303
742551797
428452926
867630037
79266462
984144626
177467865
787098748
334627470
662124624
470824785
956558186
793849933
542080102
706631378
640113228
549280936
850248094
881287805
60211708
108827127
608912169
618918434
510245734
776094457
339717069
656381549
389262997
238374957
646546748
336960520
900003191
160450461
610429240
463274626
277232760
112617582
790288317
433555930
878184558
702379309
821208391
559304957
455024741
944248642
430335454
689128394
714798841
139814195
132196207
779405731
810517528
117453076
500823321
585988329
583232493
368770097
31591100
947163821
185355704
261936479
742810411
169285143
148320178
588530800
796688195
504553047
736493101
10238632
299193234
180613741
631219070
329073259
834732146
77301005
489474450
556315432
367489543
707327808
697059319
405773069
593562032
931834744
656466988
650147772
90556858
701497955
599807510
236720213
449922510
41009681
146487238
2159940
852706370
965713418
595871653
408448411
117186214
377568013
53150383
598054900
765585351
538888727
242415084
915806773
764726728
843207801
835317812
809427004
796706093
769810047
834578260
279977799
330299839
6444249
791277889
57659998
253927180
78177728
386017535
990788199
819670776
623026078
985996201
826614549
441818912
33294089
810232731
845548238
758147165
762231552
626520309
175613335
322192049
852025815
356709530
65929646
450777001
335153309
359374356
390474043
200392917
491510357
667018939
617621503
295560603
975796393
709058722
407889997
362342545
242379275
443812360
483757032
133154143
262552142
277948646
89831633
511339181
158007475
700015808
764080855
528326845
5891926
686578816
756548420
496134179
605336376
745524611
574713445
594320311
854625494
897064870
803695074
443140119
588472358
407863217
875092551
814234992
77969882
108571701
792589912
132110943
260386205
728597555
239496107
735186419
514449229
944519568
455529863
42190090
36267953
860929410
472383261
417158080
944576060
670821677
14961868
305342597
529669569
945620827
52621486
527714104
492980115
218989491
675889273
457168920
748719186
451340565
448684348
72366644
485455716
998171662
824106601
553366411
684191239
973123495
197248722
751483253
830164849
516387386
184914372
63814921
835185450
46991104
60210001
182435570
145107954
433252142
545666149
723656293
330883722
594727075
118566351
813683359
934766379
382027098
984602554
36365971
938880614
29575938
608266623
406152282
525463216
402057598
816616006
961273541
459574991
428646258
416083928
627945434
601322
284690455
533663997
891865010
290153209
488514534
724247064
167139686
236264943
240349156
988037797
913704733
184724654
220111631
782660465
884477363
994692862
243600366
748877337
509911619
305092119
487834507
997230421
66835816
866157292
349747459
529455221
712724594
821313631
340557126
602717845
998322308
653673822
173220436
841518621
497736910
873008232
69986418
505386342
812321242
261567312
930786110
117492479
373518913
427043223
282857566
533870416
430131316
242909466
801131975
770177294
55914157
869608803
877244423
400907659
903494252
455461444
409615056
440392819
154906701
921464749
165408080
48849085
349213008
992499680
530592740
291330692
269874961
942499116
900038940
582423594
25521201
163348539
774870811
726981582
430723997
215042096
530389453
158774484
853380352
482592464
379682121
894424725
981702123
686186307
55565097
428352986
809871593
484844508
381305150
383768434
330601138
907821131
286777774
843996453
876661146
385639407
215836099
19327282
337474985
345368961
345285447
810262371
727536962
74165046
713047786
140912269
857624149
752272392
100801076
207955696
267079046
258229057
583854142
906259421
858814216
989918253
434727014
603192830
676415028
281354973
85908765
980872585
964114345
561054686
430516026
697921857
453346195
633214073
709108355
958811260
261702389
41114775
32299105
339889572
817616376
607108833
85181927
490947871
447949665
762613235
705241206
360943885
673815865
80921390
506245091
615657691
239262169
591728186
862617497
483733503
586828780
438852527
391218314
886402136
694369719
793627377
712380869
894910999
331313956
996009628
802183230
21245424
566821425
138245987
802334904
272933625
460312450
987839069
836449902
575775961
382789417
721606263
974504330
79507793
930033444
51894956
110783936
369905619
239994165
130984380
914332177
377724191
534260814
320954517
248428304
804290940
276975987
998368407
746943584
546771880
654401735
80633591
552256746
933227791
119389209
293707812
449290055
857947719
559668774
734119119
229262774
995919997
238328376
811376275
865882742
535244752
798334371
860378054
212792455
692441176
885332301
373606168
662085451
804882294
980357346
146844776
630512939
219272455
697013246
284456470
200324659
710271184
548702623
438123452
165602229
750692626
905603518
325393526
25471803
945536597
949764086
116399018
816644581
464079985
905505991
617061956
177866743
970119764
167767226
118583018
437907887
867662922
95966271
89075495
690874907
66674028
639064782
289265265
574421410
574323996
894785401
426890192
435298266
412937815
500615429
627701400
551557832
918916759
810734357
311294397
162801229
750687326
401978487
390112319
999488875
295891919
95687392
986018907
791678649
912673921
226615372
69083131
334173068
568976182
365600259
891126741
276253471
293568718
87887492
95477884
234609932
36586851
47570701
257450649
175557396
294448725
795283771
420619285
661760155
465427493
274598410
335797704
590744900
644254452
446102275
746719216
199864699
239951358
898557528
536760809
841366448
298075335
765442559
112765280
737596240
356026670
403934224
51818648
33560626
794350576
678156483
791279124
141755177
685180359
438113888
186439058
467613852
987696947
71424156
584791055
629208734
874821175
585048285
621484436
817504669
262110373
714903169
911045367
504966374
146379444
859176280
414792998
517891220
201966628
227687314
654194563
41336243
615663066
40118526
541135375
31688913
26324365
94961560
123078391
481201738
982112486
749341314
104307341
823719561
111669664
790068486
573715199
854659767
695647126
587707145
444106895
8866580
930759371
179330004
743416295
974323262
354802334
170197941
749254725
266292686
338880227
515143199
800168806
451507987
583254536
635751101
402857454
697681943
152838910
355964027
902520422
222339988
310429490
114178458
291061911
343789561
335772544
142980612
542718341
228861702
229759884
348919856
713325591
476742064
30713536
192515348
969242740
57258025
695258211
257579274
527272856
709274204
474215944
557246406
689693423
468700442
71184540
308815493
164444130
27759976
448079038
963691801
186092991
472352102
443586446
604271709
592808887
497817588
543216668
379340565
412957889
857895710
808102967
522979077
708634038
891484657
342454866
4210005
26449354
92052845
813577258
888269034
375193746
762588463
648034865
176009412
960567372
829327190
969876179
465156491
529197552
611575597
277627882
611888496
130099661
56349761
974551882
856486720
415129134
170575575
143208730
492343498
419614153
337817285
530848922
462220466
479295662
313386785
536974517
398879398
590525097
598551461
490982067
319915396
854077456
754309943
431945908
277817863
217465917
801723769
658042194
377036959
695758328
573252349
758156499
429452251
962242273
645339792
27528564
884089526
49439127
80525550
840769559
919136397
815576418
261031267
105850740
704408429
222076715
693680771
996710316
232480464
101722648
360508156
557061125
786527595
638548577
530410801
83454845
275540643
243476301
539070388
52769766
624820279
957574580
785666412
977411258
671873447
644130785
935721326
771503670
421044326
504591651
326853234
626315681
392385275
259494485
113247908
355568386
548904069
481846453
999048971
500281104
309179648
876892991
447852663
120923161
256985552
138277452
807638855
449110991
900802245
475299088
602224145
847950461
988076892
137069715
346421987
323883405
218342282
895772459
988633341
86158128
617613113
778315725
416130256
154118659
335462834
180583561
48200534
76888137
911403677
148819864
296039305
648439852
242204770
368611310
9846588
846679716
14321152
959544015
525371915
915701060
481231204
346546496
763145001
203244900
693027854
149416933
397400410
298233337
160834748
994357467
200226431
195843700
916337666
683919698
159713746
731301316
573073648
894452243
387556429
731878690
369011121
449744444
407435973
53012810
259978303
515342284
156299832
178630149
38407873
631971277
746567435
804092798
887145916
338575943
762273147
587032104
237333116
351874600
846371757
592729413
917793567
643111706
296177314
660095536
733741741
879115965
482733525
378337671
322446509
549430340
77949477
952592166
413325982
258513259
216568667
36060598
495394028
247525279
937203383
261190601
989463030
170699603
350473824
186720467
334483614
949476166
580996909
242258078
354525772
346497450
699711951
686916608
348984179
579195815
764973449
79637762
709075580
658677847
67957214
161028994
483365040
246743606
910875738
61252394
641727061
12495762
624757134
564198390
635572429
191394669
483148258
459410641
668957221
420916907
589297746
219500809
793643030
811725664
249844081
43052717
843502062
189819995
450353366
739431652
505678371
499895235
370604656
694361155
497633279
266734133
220644731
71904420
835899097
753850322
72395763
271655428
846839851
926617135
568194414
485121650
739979307
421180029
507402954
923355419
902089542
635943739
279229453
469148249
74233364
858631710
418814658
703730662
270019733
970139402
901596966
755231430
345604629
267753
901078450
10536636
200618254
348853618
73504657
478599323
663579663
157262066
145667920
973253012
406875190
432750101
545629974
133348707
559497840
255285502
136277020
871755979
231097989
677231691
884338968
793565340
849474711
510415405
327261855
574469964
709003610
720999007
603114741
909728286
436296105
560080597
133753214
259900517
396307622
621586968
1154315
967027166
817284426
662967858
554660916
384853115
830437011
351164349
201670891
298031138
391666941
464270008
708121958
584674382
420763545
900765246
828741029
550042013
101876401
611648025
372548200
264993715
573113541
785755445
808620013
494951306
389854827
373866003
403231701
371102982
541756549
103863620
246693401
454637423
931035228
350702265
857037623
388487122
804670772
622065198
137139978
607165240
927762418
241087407
552453543
558957084
937400898
275485618
116965053
746737099
659643842
838295245
63985878
22808761
468848815
703293005
904111654
887875452
745653108
730918722
387908193
284931553
645326514
106082551
357980108
433024041
922585219
459292901
290828398
190330766
597230607
987950073
952375809
96228997
505362346
58662149
927096505
593128948
824080143
493940001
206592827
81397518
673769271
945628047
624050775
691703025
379925446
174740584
415034373
3963633
928686908
534353281
62220050
705310674
12629166
536371634
402674533
244260233
533696919
626695178
351164534
895180760
183569691
796639565
281953765
33349138
388581456
518730648
641220300
813508018
941709344
499341220
33006336
790400251
973393669
321624547
446889636
303220835
67699363
165076828
465139312
563762903
371616958
803206410
443968563
337875922
340357446
906751856
876437876
848173064
760442998
572072092
472689499
443362631
173711331
58833690
493696256
665256964
532406073
28627098
708241191
186456908
758489258
647839928
84413596
144864722
248627265
748356614
349242812
892506717
507368747
658074571
806877427
542149092
414070557
33265056
166498558
635607947
598741693
368568853
166462981
420359460
928004646
272258147
568697689
154883287
606467923
9028060
733225632
900699174
576873729
471596329
498439402
294688248
546086234
938201750
923367580
191154898
977633595
283641866
314098471
490287572
229575178
970038682
545926355
823163609
949870766
151087585
711699749
957257764
952395346
874316610
952237861
893309007
82254251
13545321
278981990
888265230
156047448
704557300
925147370
225537882
166168224
73056627
493118856
11142555
725932366
248717931
472344032
73512334
458853445
275882494
186120845
1225551
13832017
448017923
307509995
602855371
632118144
900642782
669206717
526865162
63660208
853360309
324783139
257924312
33821348
714793341
579637243
500090898
315650527
320839308
607713782
226645268
867877508
960219780
292004092
670294597
230047597
415777426
48789461
474434896
703232983
837646007
64565096
106636003
304093050
343917299
404351449
464317555
326003687
566000237
100845936
735919678
653754014
987001788
229657313
587740517
33496799
716543768
193759582
317595188
57286937
222030014
67507576
90492877
626230742
253636377
901899120
444172162
216883605
673426963
920269508
295078129
596085896
544281884
97483657
162383163
731529117
494204973
776392714
70139024
144072866
986977100
28141318
38719324
468872451
154174691
627725308
420741492
270507893
42104910
191431683
668477243
751595665
626097227
271210393
60637172
102331630
615299970
592257248
714460272
37320218
222448684
603314314
179343070
836002804
354423992
320870459
819645859
997924745
363386025
157313601
458492261
177404498
562333573
474233346
50436802
198989485
440983839
448355782
446702761
14191568
905675428
387570185
559798277
699480215
433613983
534739457
318465131
472889832
12246504
958699958
774354510
187766786
855733631
622859758
803446406
589285299
733825383
280109218
8080422
293134661
716812368
161532714
401024774
364470526
88388376
103555029
426356804
662947152
145433454
131111968
242677878
733643398
946312650
331257057
243813683
828276455
984822347
642736147
519061190
948386152
526536055
731402406
618721089
69813439
625494011
722755116
528460364
406626435
679273934
526723058
92158309
811794525
673222853
659104872
368338821
556949164
88795493
381089049
923439029
142884652
243681718
742759471
84962954
378545808
126042719
625181470
552976197
587648530
652714524
154598564
672378370
264916056
171571627
852041581
758858763
602170081
926216136
588251452
747991558
734834002
955586318
894545075
961805930
28532846
144122996
974408525
513555907
176618420
996493043
140804365
635080955
109408605
271202197
176740298
878391424
386717470
940734460
306767487
748937888
751365024
647838139
51572620
339177156
751019532
725522867
524728230
689502559
724564606
839140894
550786948
718669061
999118164
256556568
129339773
396960079
859484085
944473183
895985005
526959364
634618402
519854987
891970936
685542852
387860498
456253222
421035361
635930453
615206326
204914946
407006761
347451290
251609916
733987596
468159763
515481831
344331971
840710149
446865466
723950883
623762552
485272779
385222919
76141699
560310639
587388303
352163626
358444069
406634648
268889417
513870693
338818963
888432665
76417627
58284475
467222632
860550253
894539083
269196339
719499457
13308700
372866420
892493196
752296271
299631265
62276496
18172429
849409497
944513118
952236780
843135594
946218133
88519692
141465254
33558109
462021597
612891467
87332621
267958169
543070288
306035904
512175027
914424649
975242256
97686055
95753767
195822294
406883099
746045310
531204675
195924189
873493343
985092484
856913400
436958798
114261532
620995599
564379844
543831091
746003009
865761904
297975572
162615878
111095778
107949137
354089136
311156676
879021891
440205923
614230876
998851595
338716613
798910427
343683632
951660328
351558555
596624445
388324783
500305013
734673633
626816811
15508538
890722411
902959036
106671568
84082156
332827476
497836700
891946737
760746559
339708353
282682933
303222664
198781821
969516660
60956748
758358701
899336327
252260854
266468808
412394916
711319849
458082031
367765492
572651360
486851282
121226206
809516764
70984277
581253429
230926645
74253504
895470005
298973750
498828859
632757922
379747776
829726822
698203833
178004632
742294784
496049163
794250323
267188575
898247815
708052573
668906640
437626885
446229109
484144938
128049813
779295663
344285536
238720666
528688608
215713253
144494865
345367943
983529214
433874781
478200782
530506119
224509222
309699050
484565863
281650353
720349924
89302036
839498
135932696
347654352
826223398
41114731
484186459
54648880
153474620
88551265
464093562
463791755
969875567
229112635
822788730
623700267
935647948
889964524
805041558
504888202
639672831
708484666
938538854
98771226
687941319
620925272
888133868
715209867
948146118
375528487
566645568
39456903
870441357
377369478
943178925
687429215
99827019
119510669
297748909
316543546
894761655
364488694
237404066
636282463
42548726
569777797
64094217
38102833
228000791
909144083
923815427
335541783
865622604
38814737
873408076
220082750
929324291
922731489
52178793
365453337
879096467
311017936
265165864
414515560
888206843
961327060
39690154
201069100
50520869
620754666
302239874
990368280
828063075
607398094
250022580
123693401
204132391
779488462
45774954
151431370
271638470
298154118
416792913
169267859
145624697
767105220
131428212
371026387
10877015
738195422
724349469
913382626
448096838
735218168
123970793
402408135
593964538
160208368
434331097
941932765
71623364
793677358
20078907
467239857
371025515
902500811
122545329
701975448
429530977
86711055
658824539
588662636
200603988
955005565
469689277
78694834
884416555
482402799
389722315
945403738
852469052
262016505
236605922
714216313
581551080
448931581
907995371
383813673
589244294
148930942
378649439
455688584
301069331
808850311
675725478
933525473
902730720
728556278
711431926
996260307
713433250
652501235
806346888
53678209
269611335
665720502
198462780
739152076
545974416
758994665
573873469
524902455
252678591
796087472
326791787
298562341
410056690
562202921
444942706
196765140
819211627
254782334
725919994
840070968
413163387
607542352
380370228
390063915
489445226
818703221
658828253
252013942
645566314
491453492
205787100
160202406
135710044
43311366
263132411
775738222
624819626
483929055
965908613
339203066
923846121
64129528
55812588
535244820
551283854
3781992
304801319
191664913
130111180
382442119
62518211
671576612
362805443
747853696
750791950
519960598
361018454
470500433
896725225
991883509
732570426
688922398
333687445
560861336
71613802
584800480
151593060
572356220
176198053
572717382
877233404
954855749
927950157
293975858
481740689
924989204
730296097
407769580
113213256
796009515
44800178
582064708
404651587
482737447
621459770
333985502
116257130
113560661
479896682
479063499
890283095
805777582
551681087
516889503
596210674
653229883
685018025
852877871
980006882
4734116
461792851
908865975
180371182
761616357
909139901
345275720
698937269
73409380
621293160
44181674
686506169
389326617
781103203
533030035
179080689
644559395
147352420
587115626
242688198
326550551
237018276
788420232
25177587
976220543
357038363
610606057
363272030
169375780
273568063
995556985
459534503
241972712
500304446
30941159
648303409
372791972
811535555
95422304
956449751
152110219
356026701
205958207
389401900
600519820
67326463
977857389
646174852
975842995
734627716
850571995
183548985
306450826
273951592
805149695
991433634
987200107
851613564
386093007
370065734
342302476
90212941
518150211
433800894
901219574
822093754
637099489
547994160
43819061
307630866
932981557
246444523
856163809
120488874
938436623
756941618
833085782
579402155
659073618
587517011
647777745
975625609
762713622
498071649
145161082
459880739
846926300
146989116
40437874
753325224
253590146
504508864
916670750
519519003
11265356
216179476
118241399
775690322
401317646
633999622
630417027
417087194
91065909
724995345
925646784
868747051
939118630
603225866
727561340
169873076
68761001
538236518
229920776
535404576
532065555
79098312
910435360
41350090
713989124
482946559
906219913
793007018
748559148
943961178
936535052
717403939
860407936
935097526
190501137
554616082
712127725
801052821
285183658
456569684
326484203
976662818
605514376
120632815
812403432
299916991
578333871
961704184
145456825
601264899
869201107
426599577
908712307
624373536
134729231
421536172
481662670
381171716
357063773
316898975
57533189
582956716
150616171
931879352
768238413
410708913
754183543
274594470
855742806
947772858
157133769
167696550
358227225
812856887
196367186
662035802
376001310
651711177
924015445
867968785
356079135
373112585
231243266
57381711
984216051
284713898
665712230
648363292
805738827
672154319
774507721
11491689
590342019
356064749
434859270
451107045
937368404
202161642
681671525
738206709
785777664
906236517
576794067
632636442
484799509
770399264
324996656
719902269
965650490
193716291
681289822
506947601
580666413
336561046
719417750
67375067
858572541
812587184
344901752
999928796
63725532
240346212
673863057
770932063
118601228
710921959
307299725
478381982
320898849
671582989
202624790
95947528
708281410
52493490
184103443
447529941
629385727
431102142
653252990
92612485
230559144
468961651
533697441
674761726
779688068
527132623
199368521
613849699
793333029
675983433
469101078
569548218
174531248
330145193
300491237
619974131
381584541
547828007
306749541
103326491
442897666
781164599
367699660
229920547
33188685
568551164
899653963
161989846
200991726
846786942
461953398
332085458
591115011
715784894
221384665
377205964
993583990
667233632
759589426
722261213
23434398
982180983
989218758
758510890
346613278
373707586
128056793
327901675
455749258
737821922
932427118
309789169
909550210
746226306
652512276
813772982
469784159
70064777
247649927
225320695
890748226
958803368
495444168
942784603
344979994
909845749
748570882
996253669
555470032
68328318
396294376
806502361
615646539
156608670
56167791
150870829
304994978
386355302
30924952
481231138
778419645
934008690
930460639
274302071
778600647
960651634
583360591
607479449
752490836
178645103
292562302
899208044
904409782
792223683
261837668
555410775
864298115
516240729
477055765
823288419
136950365
491611316
434745928
321293911
44450919
946090582
440214128
486615934
302114933
370201469
829650016
459629910
879308893
540630908
53313382
765840372
699883342
277927466
590716002
746110757
674145359
270853393
729671641
26699263
915639381
542890848
840878739
833122293
141582115
190874975
433133296
552577646
795905884
506017519
241712414
623485495
447267176
411628399
968322079
301096669
917935429
629636127
224845236
443818149
765418655
410978721
656184467
627515505
200339737
957942006
61387446
132737440
115957423
138867466
141107381
728583158
86814017
864961307
539783930
392829660
158582425
758974511
309535544
287361608
562440341
142444003
112179235
809087270
68341973
454681856
391061159
850450950
727176848
256933980
37371191
442326245
669700745
710970839
122751396
997850560
527556871
215317489
351283258
126671172
478073143
168854331
993096583
36369232
978120300
662348726
501480855
22514994
275736017
792953866
693636200
6959544
146455412
790385301
674621115
344159557
772252086
288581992
498834789
21885551
38416806
685783459
247553374
949659121
340869845
107540597
272664614
693413028
986523517
242862118
192229908
338715070
496152099
225152642
341690336
365559120
318100667
170186831
958136380
117806353
661530097
356930726
290204625
868099275
421363827
83213569
627907850
533431875
703973546
770243793
11549233
95709297
34547345
176323299
279394497
134186236
701894795
484342070
579729570
362616212
139006254
523422733
850032377
246317413
4406751
532929556
43816608
383859972
748201090
534945011
77068396
530981696
12027853
280887975
212891210
285730088
116343659
135409525
872248524
56144293
621432505
363714805
351580088
894849505
20607659
409724388
994194954
307077456
83085797
655534818
714357024
641394879
961278309
264874542
458940830
889587795
202849730
671185085
346327728
30999965
133987603
769912391
102627658
127615414
824761650
369596336
382350228
975606883
231696250
89751583
839853403
593712147
720667113
589114816
941784479
50325453
414525446
897585574
953652467
642541362
254193869
29477714
982801984
879561
451285116
270751387
893384194
876060982
930479008
282260795
148126797
208335088
712690696
894249743
57112389
748293146
745935870
641517839
497282916
153086580
113077424
407471813
990223542
264872088
152161281
27496543
600710204
796221695
858992420
729769227
569227148
872394560
690895839
735243918
156805979
472439309
366188166
923847085
533191520
687380633
505768252
148957393
241176796
387601305
750551319
964978182
502658111
845198376
732350084
500184769
998600366
535693311
555276172
950194331
537570894
826064386
785658627
272627544
191341414
367055185
57141897
740746223
705434700
648435770
263619594
89921373
159812278
489645434
750563510
669907489
983957078
994981248
809484397
430775392
338544617
316767357
781053628
743659355
784920904
600023268
706253694
113584735
759846237
776281906
234381092
860886637
774561157
449412174
511681618
537115941
538435430
78834412
279565401
212466971
5247750
650476008
949665213
43706941
735367267
760370056
260014620
833761840
781447795
196441195
66950842
705099120
266873430
684987555
205004077
780784913
423803431
962176112
616662702
440052554
525614657
712482311
491820186
975364804
773603555
788490502
103255030
543325391
534186308
338843108
351269898
14240492
199873865
162327625
456717047
612183103
881551562
184422731
946426109
765841838
181923632
340051240
141567553
347433765
883826025
149696431
319830447
4559069
438368810
201630890
49914609
325145942
360744221
880864227
412467833
270355305
878945396
935397675
533508237
155757215
206976299
763572031
598161746
251444319
744577824
174556505
915173487
715779964
183948608
817045058
981274059
370581627
737786996
357799875
964504416
760530480
315972886
868496948
369400726
60512936
816167253
77968405
233207104
547622393
418244443
585804960
369211907
599665566
302454474
841637914
585916191
286193028
943704306
540952744
99749126
30347430
611794889
152787437
734638229
168446281
568234376
705978449
562663234
413553561
796600564
216595792
312851217
530331368
193797826
581450750
371061579
388414762
657528280
322466593
662374961
939104031
383470334
860571442
149625927
769276664
851213294
449538540
191010062
294741795
625410113
712400635
395137691
272568919
191128114
734370557
253989584
303371741
99035649
440565493
605755062
894543364
542534904
279045845
861543529
129262566
76029535
927153730
867837710
7002130
784796500
903182933
847291729
530564843
372568619
348668457
572843399
214771981
978915336
843204889
839679449
776135212
692955690
483381623
188276013
899653959
298457730
43128944
896418166
588458334
343252000
50505869
239125519
244964865
258033300
245395506
275085640
756661668
889506364
51324959
345680816
274942432
574822707
12873355
90266222
630923656
853844398
449384989
538107006
592822746
824492080
609308322
886863051
638663467
306159127
124339299
917147065
437098915
682321185
170129290
942585629
707937609
627356494
75339407
159773224
329593526
103516685
661543174
182931230
569039142
760189323
407281631
864632913
516152882
951497527
247150623
36914938
83772486
3656456
375544642
800526750
652357332
691588237
987690943
679441912
330622215
835130254
982619404
476831301
479457534
851589243
676096696
278371878
950272123
244086061
5865554
487730634
315981091
234205275
431289528
947793287
600480502
621640
847233152
407770671
847955338
628440470
90660701
705302471
911764909
145315504
385270030
414847714
773893830
86880524
289737638
115682368
288508057
207490223
927068539
423596196
65123707
339234738
512181212
945158004
154231671
174359996
34177234
213619272
721721957
105357345
461492359
830231746
859093623
322366794
108580867
128162319
936757116
238294836
604866695
333235041
890723189
193067648
5011592
7236628
735688354
21752567
8688334
230777603
229392318
83744490
573686514
48757410
189198787
846896607
477191929
929014629
489524675
996432841
859654406
373968029
685908789
229169764
128730641
84185657
827022667
218046660
363850399
87315578
622678081
632742914
682107305
325563754
975092061
872451301
843601201
771078086
707384290
613367657
413172136
717073643
360520877
982468613
301964055
135583110
49569253
339329747
307832251
439009084
181474592
883899685
976997629
60624592
210285747
815804224
292376194
558413017
118478923
911623306
23662894
542464709
756777731
3657283
457355614
948038648
619330213
92991637
347041867
612786364
336341704
316634366
773520636
349686525
1626522
466503280
198256230
625878153
135775518
789801614
253138669
317716505
878725398
362461069
374655224
205484954
624569350
696583617
513812557
946541491
312240745
953914145
420487747
675378106
117019199
753899473
822035144
320301387
65663599
901597189
764594457
441146858
875682885
636650435
324590104
669406416
486339272
822741415
849355876
127725789
777546255
602406053
45639444
294246475
895382938
797200128
384033608
956511917
994732124
514592320
670438039
895615367
108340481
316672127
43705499
309867376
836369707
586834861
317304156
332909030
279971503
529474932
189795967
747694068
577649623
380740372
544448904
558438495
593514312
662440370
716676088
480176531
15237196
825153220
919684283
62638303
337611938
682488186
31624888
697237992
382197172
506655750
886961837
639910361
170218859
702283571
553853057
405510385
533485159
280271725
618506119
944673914
646748879
857848773
160679193
474316197
47502006
957500656
217473430
19495170
399606631
720268613
939207824
178802820
468939107
576865890
618308655
987497013
424822286
722015563
174622853
986030301
98343997
678515868
834753869
765768442
26554609
1565553
770080630
822350250
723091288
23703701
958734582
926047669
302161739
254376457
582867167
960140376
553634215
334827337
668087272
542800919
616280432
141862473
501050269
699291832
527833699
774823829
233429641
79884039
103197353
386650651
400286523
753940881
138246240
888893303
268650377
914769867
480945274
380276605
287343023
298704403
979052491
579604443
74396879
192405024
366476873
594163268
207415296
349746630
531368224
802937566
551584006
294276004
739124908
997678645
138107183
205531499
958579036
547186945
790998801
958583709
297693962
303813834
695049220
501699435
363626606
728487121
343742667
988695252
108601299
15758221
197042345
649053012
438087921
510869492
222805824
870978070
429934653
96660608
414031531
487876636
858539471
243375297
776562589
493809795
558474184
108387496
558252479
243937698
891139454
932062624
131277676
214369106
115181041
314931223
858164549
983454862
126669541
565673460
318748379
457604976
286373607
632585677
412209373
16927821
808934905
200548500
956839868
6695882
467856575
631152926
768377825
683624364
264849368
321976464
574117940
34101781
298691635
914410204
593761804
777374
385697244
340832871
909549301
286770641
912220133
203960498
391171714
849002227
593881498
128959698
699904635
462742204
398216342
13480657
899109882
211165855
462468112
584325511
829139254
469429100
334765315
570299579
239976077
533585341
63274015
277050436
243091667
466568242
514881476
121381790
746741761
876074086
205367135
364133986
552539613
454287077
569023819
779490621
954107977
930689787
293445040
10330862
307684888
126652088
664081145
506299075
444883433
348129147
752002706
470866597
629170426
617269050
177920303
584014925
208992101
765673646
103342081
527841739
217493941
127894910
504465680
107615864
306106330
37916097
730128896
445079010
868086115
829856583
80714807
812682860
603941053
99856801
725305578
538660052
474351262
834426313
811494940
227027209
328284361
375095061
491933962
662211155
878256871
167631878
903432679
872513872
628195780
160163983
329209661
286274989
778832437
906936359
122553545
866990881
836200062
132942792
762621982
151827811
23806068
892618236
72459715
690460919
347828926
610280688
756215711
596285894
930208153
349202943
923882730
110921767
135511763
808655410
98448828
53151599
333985246
334083733
432398925
506457073
8493454
666860929
906402546
137922886
901726236
765284259
522476350
163692419
921681032
282246217
978317524
827307344
917591498
71776731
523637851
650538603
767113793
316629275
516412477
333752575
650703910
839218286
206678273
650712856
622356419
142376148
494089039
782331155
591840599
489173807
670184393
115551803
281690134
948429766
672385398
239032332
47915486
291378279
514461123
999162221
796309498
997331736
961388283
971192410
460447188
941234142
507730965
319859999
783845587
579850981
655839898
626299884
416281499
8369061
281571901
571621533
595647336
981763418
384356674
853289244
990917530
147645290
869519757
259551470
460485817
728098199
268589942
669960914
229363410
22233744
162489179
786532713
655644295
514117684
887140033
152822310
242296531
650854509
11008287
966613234
748419520
275578384
493742160
184200422
149509418
36921860
303485357
281661539
770431203
825994094
397710664
230015776
173448985
746012294
531961916
14541633
463954113
521938713
887446437
111184088
487547098
595455816
627423645
864870721
232397277
811098324
820791618
886557267
691017010
185111174
313904995
42593233
676951201
825954015
415808822
9259390
393145978
286961595
389958301
486048649
773149481
117161999
166356884
119292626
504933894
280255084
266717093
14338981
643289341
592959458
22884103
988715756
201629602
434287313
781073452
378229652
616074186
455051229
994119547
154066467
237246236
892965665
41357671
3435920
657451886
741523180
429344091
409808169
750587116
249374995
404403352
192487267
607620435
434589546
184942404
917976594
584050144
723936323
3437382
239229845
885872006
290619843
355986098
887465531
204344635
961102150
791969027
678425644
541553586
145203013
890082485
846650803
920644150
514431538
726867900
718778546
381207510
200233676
437341502
305841713
350346636
300209556
408530876
906903651
892520513
762801930
666207075
296950271
615933883
664798863
679639559
818017771
549679370
254228974
451295572
37407106
945861732
367034925
153594433
874411271
997297488
757026059
583248330
869891519
25143478
234728544
3068776
27950193
780740770
426208207
394331500
392485462
369345379
778505431
248057683
577484761
501142197
649390540
453671219
251374684
790765746
418141520
428202706
223850925
653397756
337438919
210001923
570077487
181506661
46473200
710754939
911195511
631589009
509621954
488365407
182138189
615559095
848196467
168478549
981766513
318481206
36831796
727332921
197465302
221025813
20031541
944203583
697193635
42492884
194011868
522756499
829837510
649328654
376219180
178321798
226097151
939157848
91421664
232862068
646275301
54532208
631052274
758577081
972570576
448826928
157742673
623688329
910599257
200874923
508932296
293642917
251496047
141770516
641128811
712094818
368618115
866927298
139086114
536543763
249362740
916827348
927776430
291516067
500513969
198498280
797981984
345510516
64418356
953299714
587154217
732378128
65743439
320914455
937402573
187616265
917979837
484073349
563601277
640989395
211398455
808604579
447817356
53168118
353151151
794762288
17217136
4064439
171223139
163796155
766028344
956531233
693529883
529291247
186357468
738331942
296463423
412038619
950575387
235242182
564011783
761375572
945166766
136261872
667019448
952934711
574470043
368923138
803696174
773159972
807413150
488246680
269890515
772399123
210580853
973193840
563501064
937273487
960172056
905734472
11842232
772947245
430908096
338736737
876754525
90982259
254878150
664583210
273164882
652104669
20081135
922591694
165923755
182460916
180499621
899161378
148773539
477945882
483688394
407917948
656520738
996792501
226746883
717656416
213131149
601117483
50134914
559894227
373231127
625803446
886659661
434508752
346547725
378409094
37633395
114977445
131715778
319233039
302604172
681355902
139927209
147025647
524240089
880482979
7749377
577912047
68633206
873423136
997652965
818840266
189868086
373370290
234029222
862814959
8176318
729782504
901000460
586466514
55543098
909652075
158735865
960125063
689324350
68454518
735028101
788265290
545489363
270931730
278851473
122639493
415803116
915547982
974409668
185644411
481763844
106796415
779245805
932453631
685044625
746978967
260501926
289589865
563396581
419709657
50246216
903931215
45113485
816377855
56275899
948446769
474260202
295751086
239721473
527189309
749810724
761535229
245418313
973951556
762710759
477427784
150869167
215055403
236980098
554574908
915650831
879030078
311937295
189077759
67268001
804669722
865662235
942314037
21006780
13451496
381244319
293309872
774097637
10883991
613511881
67157780
124896883
768078106
634720880
10014243
768297214
183623598
611920810
805895216
400082267
607892174
940962567
431240327
601566045
372607350
551904516
163770355
237162615
307901459
244358962
801895491
414851691
630175483
22130199
241737884
152446876
267066654
507821107
764571351
86812799
673546622
112545256
753698642
621283365
445132554
868468164
910315624
6726128
30592472
370281080
585549007
304876167
175436345
6069256
111777159
752700185
397089110
396069144
871594074
444235260
551849172
822269863
881439171
752894162
698209580
951630424
795481205
269448005
481456981
527403688
919030533
424430824
633986525
407464910
95911028
594558187
489493444
318602376
457321704
704154699
736825335
259423891
671553477
722421420
689185307
5694232
942762762
386379914
175308462
526350121
312818701
581394330
95042443
636284907
967102706
981004703
563347395
442410044
305631146
301821189
879705056
212644857
684359834
388488647
86118507
163777251
937722827
994636097
857687414
676110000
311501788
379875616
457433087
440604990
254431183
281482100
507123439
228397392
430749784
936469434
309358626
262522562
203196653
56611268
670216171
816707315
926774801
639598283
210923926
904745558
497520900
762964729
940896624
168782892
161777595
489396452
531841647
42993213
493351369
155411594
959823551
49003027
590199982
244201232
881704769
219259688
47887335
265124356
164004506
209716769
556219587
618416189
127517788
520338286
666028362
49433927
704906498
986045380
569931817
558589857
399296541
188450458
247073884
27412718
740949136
658192130
819172315
913150703
26373022
881572338
912890875
779807898
689812439
770018502
905489404
28839432
534072367
822792528
560465157
777238125
727780282
862417976
677298081
124422643
343061250
514613762
840200039
200886441
217242344
630080856
305109650
501299321
945184764
932404431
398939250
723114408
280955673
326261582
58586728
186594722
158343171
434446840
983018827
335592314
72629583
359113764
137127794
434966011
119524386
340366796
275687616
533114670
59060091
424350445
309413640
480560946
383399348
296264364
1240058
89889885
437491224
337884512
821406030
139981955
128207173
231086092
892285184
45648304
275760871
933336246
57645893
360134441
101309866
142239456
290780335
201011325
161610910
130423271
656261745
353646180
183094062
568690053
205877020
567914253
754638044
151750782
354647965
907291100
299087727
17931631
53268538
465130142
544458745
655560613
958833465
314730563
513771018
884859773
963827599
361409861
736373160
721351636
738857358
423332830
420222632
153733165
170006948
732297054
399011425
835388232
744421299
486663646
257901852
75991707
482424521
722532835
62436283
122649572
550412248
361810047
148251433
626937230
824195120
849329096
982902786
291008834
559861341
368663626
232647196
991676656
638676787
607919304
478392607
114528113
807059058
137464864
21608598
39974367
72276220
746183568
798369477
508389340
109268443
489030122
246971835
754124391
590742632
762216631
794140548
566898326
23481822
661864065
416863393
570389730
568497859
138599081
383836544
610818983
385657488
790970563
895208207
81499025
404479992
199615359
704847704
557856027
797858084
765144263
791564467
305228212
529145366
408713657
55474768
876526764
991608692
787799435
270687829
881194179
775151549
326729963
63044831
417739926
726238264
811713608
480738443
419113022
522262180
993184246
762914429
954014011
264001490
789032226
522830280
767986570
494576021
427012014
550162133
579785168
479959220
386737315
147225657
464624997
6395338
584632051
490442107
872634474
35377547
640894884
972479317
378294495
649824621
484804585
796871759
683230731
702870123
851774268
846341709
184379170
134243026
530048703
269244750
405643093
414443990
898981804
123931873
288425932
205599162
566962463
705694619
993614106
756459393
992743860
924376102
832151916
170263150
620490115
638181207
656598145
237704119
154010007
931794886
323689542
426776411
273430421
846443934
159915547
19802521
66343770
597781567
412923317
533949174
221807649
875908287
491207504
373025694
191229042
618873152
967236654
139103949
294647913
646597204
293237733
126543786
202408348
347464426
438707316
246845109
631153005
546339664
64509385
365946667
240011047
248806691
933976013
509072797
916571428
302250828
807345698
224516942
286059742
951382762
628492400
668425823
663603795
217573362
448690885
832385013
59715898
646592332
10880629
724972673
949796904
781928205
370409357
397160188
106970901
582978190
685368511
614025490
700390665
952678332
495641204
468228625
197366603
373866012
103451007
644501629
905534762
805217677
282921483
43679761
228752229
763292133
192311421
940273949
631879250
115863239
186652524
296919556
387490482
336400716
693670275
586661407
941941359
15314122
264254193
96968661
561825721
522424576
192678578
685098655
566305363
954159026
96672024
161627148
397216238
19301199
382031399
172282327
500006548
414168825
965771600
448854610
836706833
12883704
497949097
138523073
303067339
496721901
52889429
126721223
898068840
869430569
289280812
145765958
941945982
206669999
47764587
948019760
536180788
477438786
392522925
848293457
515831340
434315880
275523924
626553098
165192372
332054982
344744392
194827273
405635636
830923896
782894869
666623889
32542477
884176882
2091107
849741501
353302109
616903900
351112511
734802612
167721480
492455575
583231012
317824856
32482313
587287740
915046127
702758505
32080872
783786358
461493460
189301247
500929358
357289135
868574894
9971403
828017588
13137488
230507425
488752761
808907622
389466470
636612394
782533766
833886410
41216802
918452164
220644931
629867743
569131621
475874269
896837358
939987199
19052946
701794647
493662222
610773737
967974412
842209967
306503523
723539618
332114941
91874301
800060122
208691427
249745756
476151371
974034664
173639435
235632444
388442433
356820482
148065373
178784192
651389331
975275409
73572221
992588068
394619565
630119483
626899616
915865607
403309250
2601505
431712516
411734903
788059046
571783006
125895881
67748872
636481208
853117826
704869375
873242613
294346606
528577003
43125795
296187457
395306766
944866212
46865873
852179684
107349292
954061979
722407490
699848990
220148675
566749531
303880323
382197069
919176174
937167685
654577575
547494474
599837322
555245150
791450068
393706081
968389265
583092880
577263328
645342646
774219798
642738365
294594963
962056906
136109142
925656556
961601808
38749118
696912051
501444549
805788934
51075831
739084376
51050831
911827241
337733995
204651675
767800225
921146628
250184854
355723036
698887784
685318495
844883151
215516366
810485920
417577264
636487229
259363538
277489819
914971672
449655851
834132094
902031308
970438635
14980884
721100748
462199671
246068854
392036473
295038437
119679247
41681138
697140177
314205236
216773877
352096197
239523052
873314487
638366161
658571143
345650579
348407475
746121608
112383846
535072056
442615105
185697335
383958713
808413677
57890781
700962192
463966173
571593795
526795997
684797234
778398553
83033307
895870721
739506173
144826052
753190563
620323930
246000329
862084433
304427726
793998006
354618863
539123772
554687481
2754043
603163523
750229407
763445433
657237519
360488223
744566839
13383514
924617212
986359354
721831438
685291614
989812632
575136400
736649129
873397953
853878445
27489505
691944731
344521818
716028198
824010307
242006971
932486201
59295336
275085417
546641090
934846100
456476870
57347068
123923083
881113614
614067215
564486580
805477081
621310169
338905027
266138256
349623640
584920574
914438760
606223533
437487308
385767312
406415390
279308865
984134599
137266498
516511623
595718962
610388919
364358191
117731144
776797759
318767165
679203725
689134063
312836114
101085011
324508422
700628074
319311644
975312548
376490182
19425062
959612580
672837523
417484729
486934638
307446401
359024034
941649150
710705629
111730588
320810562
859266162
533876636
683599469
83065365
435961172
707921950
652525351
677687112
159260724
21705314
77159439
681742560
929311528
270524265
411701915
154115564
692600009
598692610
923254095
458225522
725947748
559057937
758236802
279690424
227066821
261681130
988149301
346098501
239814211
539142900
980720407
137652314
118786854
217982182
184195959
759330088
764334325
444284224
634952380
706815109
953565172
367988402
712389008
800392539
213155407
661537110
106632000
932425303
846605138
759692066
289789153
207038991
511903725
367678709
661941805
863898879
640680926
946657216
443052680
791791588
594481220
40633460
364514085
911072698
801235213
668668435
469957269
474746312
573023887
270624820
453119533
583542677
142707554
324419788
907710297
960968629
145813074
582975130
574841236
284061165
542387095
522322947
194488880
250307606
80152443
200757619
614289590
381883057
208353004
104300004
169141203
406291276
498954174
846046359
312380236
226495811
126753615
337595598
643281423
424333276
459158960
458119646
398553832
65646392
802902402
825369091
531410367
949537966
172602720
934412849
295938999
281097340
236479616
585281462
180294421
346766551
256660896
231161500
368563111
942309225
117844039
617403642
191789013
693693981
220160733
143356051
841299514
865285426
218656723
612374363
549770457
397557938
190977461
596677799
79039996
140201688
752210547
623036989
218291989
32454304
774501730
287884426
55823221
174903359
245116000
865188969
646295392
685337415
982810330
400391330
11036872
705768505
736981789
355837612
944989270
882886722
665751288
400920779
213116254
71003406
628028415
296982398
851737881
652188065
609382626
959907838
373733966
611153389
24780384
118423148
154421639
899663299
213641117
67962659
502933621
335007434
821630970
532525545
581862476
71623211
640463506
541522342
689382397
235646956
352691450
170750641
122572048
267604260
795566356
756668814
205099897
506519863
664968691
233600228
364268556
362903290
628626936
829880571
144057559
547155998
292525926
916485622
189298487
167730870
174201059
524957108
34870280
172920860
747332426
763691513
283503232
729430736
900468027
694042654
506603854
70203192
687018953
576238867
64554597
396305134
96957463
109133571
165765900
756512484
432380123
140401600
70412943
940557224
424198947
342211187
752591979
921358470
254117744
316447742
290585255
411312744
898566210
717237363
754180133
426595531
187775924
458662337
869001810
124248717
975615345
578810718
30945668
258586222
158915272
341155741
209293990
523078712
43186467
223997876
336460809
64937551
773868002
484137094
406642721
183007554
644464224
85476507
140437474
441576492
272046657
219271441
739831798
346666820
912394112
610841164
117497385
460438609
840171522
400907613
22583224
798961152
596581117
89456600
606786450
375786687
327516891
146084016
987638722
317384030
378430910
620459147
721673215
614003729
961014236
826441884
504099116
675981726
46422097
786061888
475848714
596130938
480971480
137924146
473410930
932588022
243379350
972155897
903823760
530547451
464612208
522096691
381120527
368009746
306736562
447545255
963736837
237232076
230861134
129310507
341844590
392786049
295162852
80801395
267789420
903316650
48784229
903978965
594941440
585190080
513099295
749256738
391868951
592534286
175271854
736737390
685937029
535023271
202942800
84271988
404490331
36538741
743310622
2818810
837930444
759846551
870877955
511662190
803508604
879077504
632952275
157013352
74337416
326067320
697046117
366907991
293184519
132475459
857441743
34912016
357952884
538003555
131585679
934853379
347761989
946709417
608535936
717431608
253593777
22465012
916585422
828770623
77885574
125589777
528059661
977054318
969412817
287070700
415238710
438549414
286439014
745339703
45150388
762155114
369272159
460304425
716703431
392748130
817062481
330957455
129567473
195049651
829187213
684466189
378014941
135478279
842703336
364909599
322561899
414675221
851058598
307147695
489051688
787644828
973988672
669591732
741417495
511220447
4252724
548330519
111559251
855011475
555004295
786572068
657984196
579844765
404515514
255202872
745868344
128414853
470783304
428934172
290585192
490243447
853142548
452163428
249842245
562583135
422720305
494150198
113746072
290959783
328251930
482307279
379450911
200872242
782509992
161428828
547751131
112126964
267627763
432219497
525198780
235931688
526452592
852098274
973811893
529874732
331207670
766908387
616735196
32808155
741878305
459945473
438029999
719353251
396657731
238190408
567273908
383748408
391899135
26653728
366894587
144262249
145451681
805568462
784565007
44774600
49354105
551017162
269462033
729528824
846161157
490812651
879249279
463799418
120562123
157486824
416744848
832450753
93815788
284426875
818927012
842584044
334904201
245133834
843101414
270077499
630618940
595661098
78159795
928043496
971676452
881984243
268747637
428878010
703093636
789556977
193320757
438512991
86193094
159026558
886616127
188288601
662755116
203168263
894434952
598051028
878883694
903811440
803554551
17325284
93982574
87705268
29334856
866857694
702021094
232879293
300099802
176233430
219734310
846073519
643687183
958910928
773460442
435325443
360243284
467520580
284296116
445269168
634370359
677739916
281751006
107333339
55938365
787241586
653515961
811443652
888842318
136643428
991808368
750066572
169789258
115568226
402586335
687392503
471463161
522090561
425966077
883720554
10505123
802907086
827074647
313560251
484145586
959075040
810477511
430066687
481053624
268380135
49057077
21744182
440675089
86529638
189720379
269683897
950915064
189315650
898683800
919043124
141916181
721224897
306794086
772449830
754773753
804812072
409053706
548102797
321106752
290817157
641072785
475394219
606768281
393081529
45875874
752549266
493471628
933015832
510260971
508274451
762146656
629652267
92752585
240744986
586604295
801930252
674621336
389681454
777470834
369058534
545053326
25728913
666892711
404490051
143059732
266670557
132183551
126630210
34841342
716263126
25868458
754647210
388087966
245543837
550231196
310669328
563096238
431586831
134665389
434139411
137238508
343812643
245933926
446677884
910007548
626635302
373258927
587433824
897998150
353687957
773717832
297442733
498174036
684395029
521510032
271149977
36543486
903897371
890335411
259779115
158230125
674329390
25176884
502752773
478149271
178048508
371491267
807805900
577216466
732801000
551969764
360350019
823961772
521686790
384297505
886568958
626615943
551368598
449984905
736316755
261096478
950520007
686802921
493836930
339051345
250619361
589013169
770329341
286581377
382262764
290926040
377112964
575240296
399401707
418049769
611868689
323601947
500012083
307144649
198987634
197008334
243632177
363481970
303383597
192172712
698280289
835454712
775916627
892251201
477186311
151654354
576742538
366837266
925539409
653108968
882706835
829733398
83595974
473969861
482229136
609137204
439568816
490549410
600210870
414940081
489825666
401621350
418603284
965962144
717909336
518852939
809532167
270803768
451672786
575018252
63767272
154644555
460093255
729496886
322313639
945981287
863121861
988348531
194009293
321364259
475538987
424293240
45939521
44609366
448089386
879785223
765546474
495837738
442432745
671293079
86201874
935523634
634570702
898817773
140553443
584965537
151683491
987668928
481938926
20157903
745396782
485249381
373326778
317398935
955154241
871048056
420908437
982751645
679121149
25002405
192656011
800504725
366959261
728339049
966141918
484991663
704944024
401865488
616387603
165545255
575751086
635469146
213245560
140112791
522257514
140972354
106926442
406201282
348267204
297939925
998038229
473893777
941385129
108707796
106389552
131667660
272772937
249989218
219053671
552773677
957584665
592314146
18554750
611763127
56535318
258019902
577720503
120323525
461356301
218551014
903470793
959195040
873827777
994796678
408036269
42191016
952506735
794128328
448447741
387877202
237056649
17144974
458070756
899581978
433145419
89422196
783270573
452708077
389200084
597825062
271635781
22364364
591977909
445223369
227752632
359620145
677877064
220332816
536968127
683302113
516375580
905159866
951240429
612073254
229119286
467937852
364964250
980659726
652710019
632908578
495163711
916992845
557941663
242827556
803734706
852167303
425483463
37846308
571476103
321736137
745906830
628945323
897704755
21916349
898543334
526125483
889872416
917244601
878351248
347088934
878778769
520458621
82425841
893065204
736914914
430697954
353123553
707221487
169252990
13234477
829342200
664831132
408471478
4536170
486246566
366720497
306340955
440590134
314549026
80271700
426272520
160099530
800056754
76672359
747010861
833288733
925448807
500794773
316102712
890926829
314304687
368339293
485651464
175064857
933658438
178495950
878665379
382575255
55843591
839965347
795328617
989752293
425052859
444741556
840381314
82045257
785276332
159480331
690810908
440419090
589541568
373900482
427995011
136231155
92740926
716053139
924463279
157794780
193416319
607126494
963667088
134274034
357270037
954269545
879669437
576955095
750042306
40158304
439314256
134441321
872488335
911710124
169745714
50891340
628926604
68459796
686952622
249121953
802057457
26487021
580014177
338588379
316596770
165507064
37680624
748549619
722122718
281217685
240246229
110606534
295077097
903077941
566466482
517050344
708239571
338115353
11558522
500823770
583621834
618963530
84637
964094846
919858572
244301026
353261435
635674241
843767063
248092713
783237633
15070190
827361074
976310502
868101117
969674129
572638617
509881260
62775281
550549813
707222432
478849280
16959851
695370901
731039093
134886304
761415143
793917343
264597112
92212478
241988084
333846531
252098279
242997143
367135721
351887518
122443638
81515876
628883962
317408782
668537965
692116899
357852712
81434449
834911323
281828089
210468878
506507935
202878149
195566453
244056818
105338919
836535627
631950011
92961641
349580002
521698690
515874919
165481995
107688883
655517317
477996805
634271980
104966019
468929362
569421337
638897227
938974238
783812619
40144027
439725705
909158804
41352601
438545499
635033768
604504398
368841188
95335801
845841181
909919462
37839078
455280853
361692275
393046863
105580563
755326052
226613012
362874155
414433246
11876622
644386603
966345479
679566667
397721621
986924098
817947048
700781747
742407398
217041261
88536623
935604975
937125991
369812319
100468909
435201935
649866203
769064118
296616400
995093780
954106209
355447767
437248654
98662620
224958284
150071952
906392301
60372621
482670600
180982016
163291060
874083123
276083596
714183819
487726917
686156048
152142018
560929150
675408106
873754268
343080162
475054588
184796907
871763613
615715124
526800052
948570088
305641695
977097514
271594205
334833512
127189332
956915952
405113360
258831163
151975765
222244707
181519701
730267949
964778924
747363874
90695041
767417498
785703870
500347635
963341644
134535515
759717974
429900034
826238442
270371340
846177474
638052472
908909812
458117972
668590502
316710009
530752827
46011048
983137715
270180980
314111205
350085518
771988590
589789588
439234916
214252648
288108781
672809072
513079419
281907211
141569802
935011735
361698347
588444677
653805069
410683812
305006639
761988652
839506398
103428296
252124407
732026206
291978305
205167783
504910176
198129902
222618911
414781463
36024252
456578177
55360521
987777353
217193760
213614248
174465118
151464797
434564156
615214397
601288783
379525195
146907274
847802023
104588913
583705255
29063321
801607302
580255103
386213183
467979446
85346487
236011928
428380023
646895976
304674060
383639755
326108478
430032606
805290811
417316914
420744342
24385818
265878770
184556817
658837057
46100116
201993787
724667372
256361598
16219191
834823600
679624175
514083822
77911444
904609838
382227730
807693367
954379901
114507291
145148599
800928239
976155526
209272824
549432840
537632512
213722288
257962424
552870203
524891603
500887191
88041652
874320542
631797572
964530026
252109189
503557839
101152848
275498553
771818816
881110108
580781496
282470129
390674910
420409418
707670724
586890551
719470612
932647185
269827022
729164404
451756447
513562885
307581452
557609880
16147485
731672150
415603633
913252029
301253450
239987753
848248307
753647462
873267401
242266890
467704616
312891888
177346410
260729658
564534107
163929715
175682827
377683484
564423217
389943864
984790702
540597530
466517148
210614789
259561532
137865962
938724164
305352651
452144827
840950344
809523330
803736185
232384049
717241138
171824803
756928144
673519728
386499724
742167678
180915486
587672564
619314199
262919713
602308276
746579328
117509310
819568633
531340050
677737891
287117634
113996636
989339809
713108570
333029330
365608690
516300108
126135879
380864189
565643147
53392147
103650822
257334271
515400079
71941595
463253973
674369626
196329915
960728024
943524465
254303687
930777108
853665528
697609780
267024385
609234047
226127489
468250843
386896196
645516952
709779412
984572930
22849815
619415412
724826470
64045267
954698533
267778632
57330274
811821440
178922006
675499539
50351025
636017982
602022645
437864119
990378729
119514660
967884704
230792291
331330146
144264437
361417140
393876765
490450190
305407777
434515713
266358932
820131814
277828776
678844515
468440312
330472843
28103098
588104522
687220915
434234780
636782959
548632890
533809716
226909498
150219721
784193537
263092189
782740409
767402592
591755581
366558813
378297386
77296767
546179246
184679645
425568336
144801907
536523205
959914658
766483046
578239620
870131922
791421706
522637287
219465207
