308796279
928481614
568948124
466297567
174580129
222716772
295974413
760288031
637320494
137599310
474327134
489950539
664981009
173764287
517842525
894709816
690568297
518023585
66542268
635212021
572978625
555307938
58414700
153152267
15551291
490527961
804170886
46774863
70956038
19646833
599258226
125844984
434932094
579720331
397368945
457783788
749642573
55809433
655467743
25780446
553441735
586163662
306739886
160094264
3300018
825851615
378732641
86518075
919369454
173450443
330700478
920868097
239941191
853055019
264029637
804778184
552669968
175394171
402810766
181970244
151646272
999360300
725738285
543314682
924371164
764076929
996093407
397724690
520923258
633802340
133994324
369766989
139815657
711169397
730378208
317154488
506025280
544285331
235542285
346719007
164682422
175324752
798207761
505912081
711642029
78838457
393552666
230888843
866794695
631291916
861735264
832330023
550276488
505485236
205529189
156020285
710027841
568274656
504305540
614320227
651737883
476085021
199964093
581472515
811817483
225143410
35333775
22235216
784355774
267694488
357636721
208775185
100385586
568570500
285450007
766137422
751665034
486801792
431591774
782093045
280373447
465159116
244689217
297355865
981938763
902762783
753230658
743692194
776240503
196861991
767971413
510599684
613440406
779119529
626487
903886627
792849786
233712876
377778785
431072829
664387491
205036903
736588184
729293506
525334146
525753057
842787646
572946417
673223995
73892739
332107116
170133352
261871995
96167780
332505087
28570937
879774551
722402787
582130210
906801998
447102509
276229450
133665226
498583660
187882878
568842626
696161414
932756975
917462357
527164545
667014767
364082853
218447784
468167471
445537869
594894808
701039952
248517941
692083263
37426731
110279786
862397397
628015492
314167025
399010754
134685442
409768171
650733986
925153497
588469498
658020490
758412406
648790262
272089037
981484271
970980686
790703120
525789159
271403607
670767855
978612330
404950388
282242442
825054189
730150656
309310449
212017384
234473476
808821596
374631025
497941099
320399202
510050184
881079367
328059440
855854848
506519269
815478298
960919845
180950929
186833214
469807708
585537606
799622696
646774414
951853343
273820930
758561394
549183431
898480268
841391871
698179875
403397775
933232530
820991579
277557444
863811019
252918451
860828763
334168588
557845004
39473813
536278123
87807138
532474583
90459083
946304807
20427040
147091268
565386896
308219810
709789803
814227911
692314124
103511178
839960432
549894144
938563395
231739483
456545888
668471389
721227403
497117318
813476243
618781507
488781600
372652693
639821714
617125650
440180034
662373102
966877210
955819150
131945938
269865116
884884757
476365490
935007428
835235008
847964824
96432968
668154796
190622734
373917496
550462583
713968470
359127783
322670010
145600603
113561398
344631469
809672486
804721317
534294927
341425366
853569632
890652813
73097389
880716882
954203129
491426993
534530474
626600551
679740038
422221099
938180908
353496201
331919295
245259771
68394957
874027701
96615240
479310318
3010556
151301495
529864404
463578487
250285279
92828393
688484197
590726338
106752049
810285281
985035035
580320849
860457001
386541828
10510641
749973478
582384309
164723894
407119402
75306205
492029446
270454595
172987576
338515268
157948973
190097549
13679947
154238188
859697416
906139930
420584810
873927884
338461738
762351785
265557251
788776156
708210441
900210120
867884836
648447328
711890592
624843558
791049610
771368249
78534208
667183763
163750022
457628569
532955881
786987646
229159765
21136109
215353815
96600051
115342887
313479717
427140089
573447493
908518641
58739107
407714195
682782467
731227309
619796956
128793984
22878674
162297234
358062270
27593178
697493266
963080441
792575924
111503834
623320282
559304876
424130844
654497044
592319670
59313923
965067669
625323308
49597789
318496508
922765416
10177320
717665819
223852789
786534760
104173348
534163712
302134065
757592645
719389110
678772203
229821903
657548610
258434492
75286675
559129700
28745635
594255711
468507710
603962622
293311260
380427410
899380518
59730767
565445506
518226920
261470645
291395998
785010659
195341578
91119735
787119307
867208073
763672727
285042126
819981139
274608947
599602940
163085586
615553320
265721054
152081406
640138290
531916982
26880287
533894160
690761458
707481919
884229079
660886305
895500218
881806924
689289999
176670403
882949784
910962396
141791325
660875087
297304654
603783050
119641332
457718956
511582173
155302420
958125284
669727366
131509960
803969041
148785531
216147307
569502097
302675380
535436422
315959326
664625487
207271107
933170043
783741363
652377827
812509542
66415698
349333675
530718188
922227865
803005095
919939349
35294599
661303072
139155681
722108166
122166612
825402475
771912395
109178413
821313357
625555608
3088260
584568442
950479180
819313506
114691187
245929250
725395698
416659511
583292606
349097674
775672950
829540825
113032898
218569554
943605014
56783504
546987227
40714103
174199547
787822627
947519227
105051743
524612415
559356417
121451156
334749764
844097083
913518664
578554195
630950509
897737795
715769986
355938869
39610728
35493958
122127687
123198828
425367088
485455004
320168801
495259802
656048884
458031914
826476016
665090241
645149701
913355454
347531135
549329113
719745001
572957657
522205488
756033682
91891181
638635515
641486500
977152558
561449246
818618378
857917659
655132979
182650173
171286567
678088785
862994242
190386968
931538030
126514876
578201816
629347158
478134587
189934942
99057600
708545991
982348964
835238582
986300353
109746558
324084693
805288491
643777538
289392356
727478143
403657917
895594320
447725722
169863265
278964356
709372793
315125840
814743854
622335650
10832184
571299562
517922561
898417997
598027478
609439423
104643168
425332187
828776250
439722006
700018632
723114831
688467959
747763116
742781744
344970732
971186965
394893799
176255725
556810429
328660695
436972163
878839495
751792268
854109574
729018383
7705598
883033834
671427742
473462761
670153845
703952407
941525819
321700164
363661393
483984311
251857311
114102091
119257783
718143466
303010906
575400258
410258006
557025478
678938459
233315566
946303909
34656120
631797341
692273553
275456353
499108031
859885656
990959835
400505345
21766354
336919380
471971371
729080100
61140474
284873105
446206932
363832026
887400532
256209132
551472626
201146399
329153489
973953455
987987837
275939314
191293051
67644553
461938084
777383174
808346126
696497884
663337330
545360888
90774383
791716467
541144895
725806097
364758016
978827462
613849114
516126257
237736083
876814698
573206504
741595748
18460069
288454759
556070035
173795605
422965245
952201481
910174955
939257642
997105621
901836595
225766230
977503509
113114685
392531852
542782198
948057857
199302948
917424079
489505058
615237851
52492439
656097019
59976007
571159961
361073834
742900277
39713874
473165612
264303674
378230268
457238651
721843222
951092337
437759297
701235724
584238387
353810904
494340591
169109359
93367533
53333306
586849752
716964623
665075065
497839138
812038205
188984465
215598987
499795693
862533419
449483374
935666811
800610796
713648990
34490230
709810720
702446113
114694723
996302343
807893886
885666814
185226337
79500107
24288371
679314679
788874889
635633281
139314983
63695032
14198835
290010317
864281247
175013278
7658380
57702971
766969813
566513798
434510652
566919521
651444714
696767036
450669598
339884526
233332640
838630517
763056773
583983341
432005261
635760756
854479307
466226013
655116415
919524315
1605474
48147706
727147287
901454828
707700861
97533711
491949607
339410139
185669375
740775197
442748060
449013133
981651332
685070503
508716130
933980528
242192466
828494713
68434561
868465035
129000774
39706373
936155396
850909195
533796787
830102139
288849138
855073921
629553281
91534678
146587177
591238422
22886340
167331549
682025600
780815268
764349026
314765362
950417523
419506321
370114121
621238322
731272704
856493260
174189075
150429995
351959717
466084737
76556007
437446633
654238068
77856211
868332573
24436086
591998323
340687825
648160069
906397898
529114517
37639118
243748737
394334614
746995294
872306711
415433032
101800581
543441483
613937334
506716362
267449165
805573305
837839852
480936628
727797829
94255154
797184251
310252075
947465063
598786051
654594636
539528546
707011841
583029635
570959501
41179914
914446483
599816152
721044394
413146099
962126360
948414204
860678816
893835153
865358164
319300435
553936211
106478095
373815521
268430771
537961240
759172340
286834676
697256918
257868535
594220739
276180571
526676735
817226723
963213866
522207560
88601213
64794275
283930582
959801608
273734756
761422687
920315192
981761004
691236681
3826296
766840012
940504312
920965266
895799202
324529246
781377619
322587319
75198710
302025182
698985597
115150928
498854939
379620858
591438014
524543156
348275751
730804991
148649011
63157090
517070515
387733553
344667567
747729833
7136301
811718479
432286576
499800106
432446008
10898033
633118635
36354075
290233485
580629147
177163608
793017678
597767263
118423189
764479859
480943968
585541207
832045518
216230721
577725936
613478902
604437371
191955850
742119465
689304200
183140259
148084418
564630825
525811813
249726436
537841851
421837034
344681729
403356823
957854010
839863993
682093615
660084656
938847800
723613313
928784895
665212026
122768912
272599088
924066948
754635464
899495861
224332618
173059917
56983163
696992686
92594840
815119677
537502076
174895830
765588805
127586762
473542509
978319034
982904168
130698113
877020466
513287629
781795272
63556726
95801725
640847724
678686504
877811985
416659797
192556468
448409964
36350067
123277849
625411601
956010503
579507134
32936804
287690121
326790839
761470667
685618662
754176643
7079568
963172159
250233906
608076727
455204985
526645685
732394159
476906494
251053015
641739586
832636020
253672913
746403696
893628709
152314845
312815490
636387640
840060613
762624587
221228383
187784626
153963765
537461462
724558460
643571139
57319232
414587781
800986165
13759456
287785065
964500150
519748433
723232442
277812779
986746715
232330104
864320881
782742828
880086331
345444062
292129968
506798975
367792649
922731845
901751154
237283819
387605270
160134274
976577833
99869360
756395197
258300966
196931567
490028969
581394783
21957955
543031942
820706923
183610654
78828344
175355515
164778412
627730312
962302709
835390814
555636173
776196359
237536555
999865358
716538440
239132183
429501925
19640779
371281687
60633577
154979007
417055659
888689909
838038988
707993623
229546491
494070850
726560139
584120897
47698154
197379926
778362596
404595514
319936416
758783936
269954566
2035976
727534220
677226424
878910910
220945966
394059689
151117762
8965699
205432735
430428891
921667269
790262982
375414726
466714764
110487053
348878524
855416976
827110043
656263571
870842166
122854441
687788763
952656427
940054554
576752347
410310508
175755530
764729682
878749053
642881854
962894955
610094408
338840755
426382023
843767582
562530568
205314733
710658440
192399119
532709421
490151157
444078045
127260573
294311140
104231600
97216201
28072245
411405370
397120010
719471084
378757738
520366609
830919822
794623647
55186003
485803002
660265617
109509200
314920583
845350737
722865282
861169676
616537262
435370229
412677312
651239719
471440887
43477032
607195456
456661991
135543752
90773548
309496714
392113309
191612412
598159852
815974370
713362783
772638601
807293809
571588693
563139870
869943883
925430731
344143623
283873278
995504651
82731403
359372346
711242257
56400162
855056217
716638031
492240801
267087764
651573397
941441080
603527103
590131197
771109939
436609786
669697679
831146044
470412707
282715305
519891513
365893213
76887667
891534670
315781181
313551221
466001831
889206959
590007092
268945588
404058669
14188019
825952472
478554415
159975059
321965702
210329468
195077312
437444065
142079001
416636537
177730021
189841139
539734658
461446703
394693137
431026397
37952905
69098743
608144
667464989
182018257
652009880
809403342
495348605
532950210
817376539
689006589
508696479
643094589
486586740
437136510
422408454
922488234
421929563
167407028
577084438
395027978
935838809
683504772
701309816
290410150
704756411
953340742
7507925
274680952
187935879
723117587
688066479
882722450
234712241
757159887
508567443
225277937
262644994
829468500
331504728
96125789
63448069
422271616
265511576
894123739
139557124
797956813
661858829
892937547
693260904
875237479
206545162
720210074
37114309
266878077
616263433
786758418
748477791
8813755
546866035
364536425
734552727
669614316
771191583
95067817
190502462
935508791
143545024
723143995
596644185
317853463
30346065
553040293
248749391
977268720
608582293
388753533
195057525
805744782
990943451
65614167
665581034
85002460
816715918
796517275
785339483
305509275
337543013
573716205
223779180
752644520
224376568
185780412
5583365
749894540
85489031
671750364
617649208
471344802
925642995
315722334
652520097
176917820
851433816
950313514
599637491
189862581
501720211
548203377
651455269
318952196
39235808
770343876
411796205
993912520
641195229
90135452
20865536
908877109
651299671
14456572
751963556
238093169
965624994
477549036
991906760
845044362
795768318
841693740
399945197
211233609
473690112
348374969
414354788
79185017
549323120
275492756
887275706
857309541
624346667
589032178
402483006
845375130
603769177
367336800
723731448
23195649
952370194
138716252
29933967
629734947
787292997
765669434
171162076
642369941
208215241
180097888
953042799
219971143
800320104
269182284
338654601
716124003
55338915
931207199
409152522
510109826
995761854
105460662
963035696
752512200
856967484
975715616
692748866
889465826
764358223
260937403
992256002
145786494
33553128
85827691
949447596
982766514
296018345
114298407
677807064
36432617
600405190
880938980
16826953
338838405
936759971
163902953
768754780
487289794
224886301
675589292
473812072
63506908
863624804
356461688
678069158
715478073
669875538
285593327
938173212
63367725
338702118
268128824
978627604
118368613
542105145
554744496
592080531
923451581
925580942
438225473
308122743
671153458
381501015
194869935
343708481
662083784
661371520
925016151
750499170
943108615
961549994
607712711
413297000
188363361
292985384
670543557
842066523
189798677
503994387
634449121
534754697
880616016
832054319
504358633
164298663
480296552
260910055
261544839
660792703
270340042
163470263
509746058
413244630
760760646
676060735
757105569
601809392
826985267
490282306
453557052
890954285
236225992
608764925
117355379
331364358
479595560
472181977
770564956
833638841
456031961
10369971
203180677
178028531
925974304
309558742
917914949
660922620
563282058
991216738
50802630
662483054
711623031
382015966
289299997
120457278
230901632
162530715
217516612
607884275
550758144
28136393
405632343
552279790
554197104
336026089
8787770
806717201
895907880
446719023
549104927
372526499
844406946
698304412
456249489
732777838
622440855
847240139
439032495
191225123
240300092
465128164
960285835
687822577
66223832
543239471
763404090
254760115
838799406
837088960
545942464
577177720
843692782
144594121
289065355
600162488
330140657
817884733
57156535
962371206
159432512
950084344
132138451
813842680
387838548
343111019
489674688
340115025
859829287
139338527
430082262
12946660
71061532
371635478
971939111
192527503
513224309
573353641
536705832
136553032
935928824
583696452
592054325
781547458
365628510
340240359
148530765
854702207
183988997
583915405
962504716
317423236
104567611
507439372
731351637
202983262
659780884
450102216
615062490
122573798
618441939
194246385
561250114
714399879
336624235
148139601
61730330
987548821
392263628
709379690
105237156
976315134
622555553
704375497
568270550
60841946
624502983
833213018
554299643
350564134
950669573
758373182
926078416
955033552
223358766
111225850
11779665
853104712
866203205
12950017
29549160
408657971
689083985
770085008
645941264
145660474
437667096
666338311
927320004
373193656
433991229
394187678
421952729
923146474
522362793
774460894
106090730
186232302
898287651
992703647
108263258
859995566
477359145
797768105
53176497
238279310
916210662
871567308
623052509
250422225
865531839
499053183
320526690
655522947
591339487
966345468
226206198
441158854
65459672
439417942
841260300
531142
293919877
769610361
590575998
445486314
321399156
863249091
63570829
961207139
952662723
946135501
890272971
141259637
282287669
869942308
239244259
380924036
851499271
877968041
431707140
959215205
624870048
816765095
58386700
415076008
232842731
404337832
33900913
59694068
555088437
383433222
33052693
655173868
969085623
562715335
194322874
892020766
123319156
698437751
617520931
426446181
813716799
540186536
479678624
31154062
620501997
372959473
964797629
411381565
652704779
890837532
772289644
96539397
122139714
869681171
77838181
619756266
550546644
313233668
769235571
531688860
168121263
45485311
616604363
997431964
90935183
845657579
840771483
831949109
360634019
463361382
761015246
300116905
451224966
194700560
524364475
756922548
206203571
7444119
881120871
573591622
349876240
42585180
170880890
494071881
520280575
638111690
832772293
499365466
359674816
7511964
612245196
509547614
955744224
263120151
691972845
121834544
497594524
146925548
984650908
33126411
522500725
959721109
689436000
551844348
174261207
585871921
354868825
606911137
788307748
997092246
536429361
589662540
664645378
464743796
322410585
390667231
63327480
918260799
523004721
739009615
806043529
104975077
108223664
201714280
230190479
971122842
52095442
980446544
650272572
760047844
938364020
874163226
761718159
768002315
40594282
975361799
424712805
550687445
405297630
451420040
981479129
781277594
506765757
249629182
970910533
357765811
738570247
248830982
730631263
417473031
941271180
40203684
306037500
443890550
756780832
495155196
8078676
590902030
495440628
425626165
136299386
912026617
904214519
778176683
281596309
902401030
642525445
602189479
3937888
940150853
427992465
447049379
15524902
550232331
352115522
125775343
942510839
905805984
9597606
790746270
575359534
271426391
286663220
609154381
196204515
400836864
129446124
653867082
810499042
37572858
465987830
658316469
271269521
400711537
775679833
364451485
815684178
803279958
785961615
920102705
955096650
189098516
850462290
975010347
427129608
923672223
695568502
709642846
531104091
992019466
344882152
937876538
308071573
741784616
841228747
989973589
968398226
679391390
733441210
33456709
569935875
440596960
483542712
837926308
602934790
469521290
199828288
33932694
542600888
566065694
147304926
660317907
254287392
28299789
519901021
571369368
911750884
685881078
501003044
317474692
672658306
85588657
264505708
356423592
154963967
433659391
292821298
498970847
124325891
527926907
224199180
566209283
426488632
142085758
781281023
481493384
923875747
692168377
279624433
291549208
259255839
984753916
319634561
891208658
593151984
883456654
815767973
246286223
167672758
493792028
301035071
557272835
84072440
204342062
430275085
798327049
380354905
191042839
751030508
76212546
655204142
354026251
533793412
603397028
878454572
917766997
956022390
598110695
587070553
24032597
667269572
597858682
789988874
52626164
404766841
104942635
88131328
606542035
673689333
208168875
291275710
417633764
865167479
523297581
759214331
434302741
404290131
776834199
519891387
175261182
706935585
645723126
452589554
620668097
802856817
441859809
617841939
694231739
837481125
975502850
277509940
306502759
882903777
104572160
780524671
507494618
220898314
735326395
616834335
753404245
203594686
75288886
869006569
610679968
72405715
332851231
915592758
85475250
390454396
672129470
656660479
262744135
266986538
484432595
879636315
510932690
360135347
26319498
408467763
704177308
982329704
935564561
271216871
432924832
167571891
410527580
362230460
266936216
982634065
419900196
463714644
647681838
554751507
981722360
471201166
397911971
41022000
661931075
98874119
647219341
577814774
257197091
52341190
103180650
821504829
723049280
928313768
237380617
91945879
45138819
140724995
951469139
6864543
414238984
378614948
516858533
772720163
136233744
823238911
96019568
783078492
185255633
795974971
241717213
434057216
390718486
871032714
692183936
829191145
465028153
108809517
525164273
37134434
237784012
534328496
383392427
55135080
890614475
158664035
941917473
405324138
280929364
145835611
655929964
749224413
763841187
164001707
202382627
67832280
339223549
184992325
977526322
623905864
778536773
874672288
44696737
125935567
425574145
219661660
429728095
545572895
200964098
802237386
695899203
818978401
670940260
612391034
782378664
287099459
161208520
643387237
563686910
725332269
651712208
111199553
205228079
677697817
552004439
197901135
798390827
517048755
82710215
869998947
230928759
230210694
639980394
665869918
624575731
742808571
152780896
295059546
123890234
710471093
45756347
757689708
654741061
593463581
30375883
25233670
630913242
989300718
530035016
702408381
71120983
860847286
814599661
404582379
856589556
430195045
573586378
852345565
987869449
307668812
879927447
515579828
229312907
785500287
532765375
767155391
316773275
707439872
727687432
246847741
410641555
405247700
891325875
635392065
665408754
356954942
871247910
686469927
508959160
710025255
332346561
29963397
689215276
843686739
449939039
174167195
934218888
306997478
448538083
634391941
325906574
796906481
976069907
283965775
48422533
228160195
593073659
804502686
656176730
257380491
731879194
460839476
140405660
183551374
10285042
339062675
344103522
835447831
154905539
169983828
341868599
980505546
987873165
341264269
177888312
924494086
60357794
611683524
423722341
622566175
301714020
568742318
646109439
538125863
57291711
482957635
728275589
448900432
272044695
62482777
987341378
417353424
261708531
480543439
916405366
27942867
726733339
425167560
628942985
201544141
662082999
244475741
344889518
275125334
941430017
236473786
474708142
340438501
357166374
636604467
971978516
973157729
243954288
58027806
911899296
365906501
737379211
299898795
452906689
641359807
35233045
403827355
451217420
686342973
539881585
526107134
959949544
934752276
426669328
30064817
864668747
864882271
326671470
42956445
870000122
617653595
741044251
268318839
331096989
424840423
436861563
381335802
284399712
342651296
805075372
611014371
5821004
372145556
496310616
928012796
359486664
861622570
264865079
396887953
814798609
851481132
667029277
250176558
452330436
275728192
668178372
485480077
502020478
973555363
487521372
178587062
905577948
614926650
619194245
651414062
365155276
912042464
31748219
853895600
182608174
744907657
662660369
240520329
498031712
493825979
160215712
754299555
808727648
705638872
686374128
471304415
324198427
850560137
50679151
745028942
155041381
599261208
368666223
158541955
667576225
250070957
836131302
322301361
750627362
145809480
466055157
882469604
393419702
583307630
976599567
308839879
259456741
751173605
116396027
265024792
543887290
235522860
959422517
672464633
371916138
768210114
187817238
927998063
431332395
467145191
667447086
70216761
349717429
148691396
431306115
324693927
807648684
550975918
448813344
911655544
206903065
288500896
572617645
490688741
880005832
918697470
267902612
865378554
627414030
306041233
771648750
574078434
924106230
297380898
590051015
560477775
424463966
772812385
35638167
118254245
737235855
130186384
803869438
200139759
188736585
6366988
597386381
242522127
10717040
724983289
228723037
392760504
317088208
761590011
264072112
441518343
871823989
129081404
821611748
538654490
841939188
437087886
899349508
402843811
971087548
708019103
494326629
91176923
414692032
661001248
609413766
865914564
322063348
252869589
273535596
131405498
710512321
934133156
10334423
216547318
889222953
360768097
516310376
13830015
141717205
579838546
528185729
707823448
215414180
450589918
344001208
206779465
517787756
437063189
402146311
695601603
60019987
557619620
601661280
389324224
912248109
278187155
152026092
897998008
962850311
840780957
194217763
3779399
124540940
957853137
706991190
196046314
554885846
533522704
65322556
836026918
950206954
944824722
276303387
542784156
554259276
505938012
151808563
987276235
371516322
811177591
289423158
156221397
274523140
55879703
633549900
622517869
730284993
234355729
976326605
457303473
322995412
436394905
92537309
472586410
102517136
773295510
600506820
745126031
846556759
295953629
145569616
892252036
65312525
734031151
520104698
117263322
155986117
70165929
550863674
939106445
93099200
396051573
862725692
866988532
644168124
92816875
820380917
122408352
633479990
85012908
246913365
217811148
365647229
594750838
464251617
229579286
476102365
870402216
489333452
607969829
636251053
727913480
901369470
20800704
9067701
33018160
642400617
20609932
457023741
80725910
635973703
565995841
31025329
283406195
433699152
682713905
439862946
338786421
682450956
852633014
654615037
917890145
319661358
825953687
309912695
393621915
221023135
888775100
527183283
729794176
869900591
914504107
685724858
199220800
526701166
11659576
838157635
711605156
217577485
172970157
741138891
709722045
846612192
165340724
511332342
857254154
18980841
992387898
132306726
315860305
443245291
341356984
902217254
766120696
994923699
426756651
325207304
150806937
674096539
734707314
411699275
877931935
298872839
318801598
565661750
885831602
400038455
460583201
405288707
776437247
357188426
263409245
263603367
638975223
808182686
865525447
810101939
620379768
447055516
510901467
586616736
206046633
319302363
435706153
639336829
556939972
883589056
439262483
829720453
153294701
952335541
766420202
279586070
389685447
163320039
304772081
982639769
190502354
130313889
621857505
615544585
916096397
15791865
530446577
811092670
647470780
604381359
389587518
590185094
166691393
959502994
56199361
601124187
944252515
51860923
295833417
199156558
211182756
243187992
251743882
772765183
300178617
339288419
325197224
83389064
789073463
427752947
662316700
395876043
812225790
350269997
271788590
628480949
414322720
230766721
686089752
8961354
552503075
260590560
480013136
264633775
747816215
477984899
682621278
881434986
877690848
433952949
88579737
325582650
930360783
383698851
794479374
665444296
895044841
455531285
373697188
788845858
631125302
950563498
567314868
172723119
599939353
945568698
401424234
753480764
273715375
316466818
49647793
563110807
407229458
899640422
9510028
950953532
946998530
519008752
992282512
502697011
493998559
893482206
145954531
222804650
229454364
606894861
896136883
359945649
428339790
992874629
975293894
959970296
893528498
432815905
207463900
489404176
995725284
667977330
539040536
851703160
563636856
658656858
209730462
983199191
156275717
269045925
897617504
863368974
334902239
358796688
436007464
325446209
579080430
426881565
137720112
806411132
500872158
818018518
505144236
987285230
503503200
282228158
740134691
475021017
904388106
279036680
671193981
954387972
979531836
336150657
5262800
569881047
878837036
632533086
120346981
646616036
347420375
178470508
257047067
453938866
215167345
612068031
902190207
189832215
291318403
137474775
721782131
589781578
207143442
42193959
454329280
835568657
106620763
304546204
723761607
145832509
60013383
165515859
356314265
86960408
163683716
344017085
666578264
983597844
573207472
852843924
47815223
806118616
979848247
106193604
259687253
670302965
223929474
554865427
399196037
158886220
70226482
589566367
942062303
234754664
466730732
449266455
829840092
565162426
508609860
904957322
636563562
23063809
83516178
808373128
140274974
45595329
160249050
465242437
773965773
723515035
421969743
716865538
957028045
252531934
652313219
942345454
273836413
199523577
243343428
993569684
133012312
298929262
549036814
886880559
13166025
781219900
645238327
360558368
87409471
953970
131900772
641036096
388015915
260975107
963981879
824329336
949863285
541351264
839841231
144648164
229683688
833973124
59371019
858514811
368559669
57442463
238318407
350458514
679005634
362726957
597558189
492309277
420692723
485914408
654109922
683172840
704335884
343276520
269079172
83845324
624699030
997395655
104097104
940584801
622008942
482070961
672623200
504644842
473418215
267278045
925246152
420008545
705051579
307623278
417460430
694715987
244888734
466762301
579630638
146706749
647548331
889830875
902556788
317508066
58627501
434820649
262861733
847780608
884058689
339975945
237932543
12006645
937506225
25947216
832860117
872710641
985810228
652656012
228753623
126988981
184340391
775713576
372711829
242139495
285121236
249838116
201296735
951963134
144226083
917794067
465723459
719962627
777457872
319102550
954588691
398114282
314218679
639402233
759693280
936743233
292099787
115362642
985018298
826679683
717386880
602527113
558492365
217434274
451526281
178198890
756530816
452094629
153178592
311276662
387057568
909525592
751901717
684172246
659232880
702140048
371672956
276156859
636969490
3899030
974026167
513673790
720782585
145016012
119549482
433694439
90145701
334029302
176619882
207455901
972337061
604411769
196284299
990764184
763018425
910852813
618797654
7653384
404969995
662588921
782354713
969345004
186099028
468066172
566722323
217350664
64659811
330595096
446380370
415297509
147916855
727327687
86574179
488984047
562387763
583028690
502214159
793257790
997108409
566060526
113305531
912069413
502299008
822816166
229184145
662945737
385003419
572340909
441160755
210601757
427591042
637895350
834888435
167225880
671365995
346518698
968229410
44836688
43654154
640865297
301938288
418563020
932656815
434911411
981143847
153319250
300087386
979076101
255686425
160422068
468938974
665302094
453086865
326149651
780607281
881118450
713357558
115288306
546032176
65678838
451888337
394131795
63796993
551173179
693987146
416203244
848640562
330800555
484925990
961979579
431087023
991256899
491629632
934952270
172678639
66891097
231168353
982669780
88698628
683261659
617309367
662696043
510612393
517525216
778601956
550142482
176275543
756795976
155921629
190601434
493464385
518027113
752390454
861021966
817921652
701976730
988897964
689401766
820218797
830766968
966811533
779505299
354050369
451533856
348484093
367555450
575323067
532573111
334873508
874261737
198871094
318810093
987513004
811205342
342994490
164704666
494779937
478975983
53269048
836330944
139093786
855006795
987448208
222826007
305827602
97531282
866963165
592972279
899338492
300132302
840602423
764970837
258818175
24817563
542848557
731615247
458610404
238052528
931307774
527949298
750232770
20705907
423284675
627783507
253821825
386543408
99749731
606852431
143840213
385803690
584551352
105405124
854322534
211785208
187177314
131891215
65696085
621102417
120038692
67954734
433500935
741302753
381724494
654808058
196040663
429903439
875473143
776165464
906228419
189980048
191802695
345100382
774369761
479586003
375412540
916684900
167561976
33600312
134142699
12159911
358194208
155230270
197523023
398621138
417906456
425905164
454842729
556167810
700721807
948930396
604109322
754368262
389176009
261793173
922094334
455461578
373500523
40607578
126803668
37281759
677696660
697776620
639016808
663366053
526342409
122362248
710874417
230823909
197434422
265186100
159669167
711391038
617892679
606403789
582082737
163602536
605506519
179762311
372846660
639487859
475730129
863291302
815831527
335445794
387777870
817063515
764046807
396542418
438660396
13238896
429934417
507219177
351178097
987695685
208719327
269816506
922686354
498772174
443669964
685729893
336712952
444026451
9100280
736479635
592532082
776196217
388402152
908623338
869358984
978793636
399295908
543137319
368654447
879573460
626708265
783872272
128556250
132116670
26640900
977682401
16546801
641092821
246855858
730885464
459870634
119674112
194909104
751640533
996807208
456236510
378953546
180104193
573350431
929697838
371028047
167294460
790873781
506120710
618291949
914125096
948333990
936165286
889275530
560690689
715171980
800517668
451922765
742406647
458301390
998426435
844862068
942311008
283709906
123379438
648238530
775273775
258872689
261702795
506000590
86198301
115315648
277912284
211730558
165044207
336532298
210902564
286597256
994963182
667041122
709603495
623537702
356116783
899222555
635429005
186673995
341531971
258221238
607836986
583200559
929656993
214814727
654391050
970638625
308554125
300685202
327437961
873955661
606555356
62244784
598873005
620183008
907019516
904778314
655821466
346894895
496569939
876156436
810519236
795350607
125785330
125906062
192394842
965271859
684784489
981590746
674719801
714662769
493713194
603514327
850889901
640519234
680471935
910131338
910567049
974438224
84297910
887232246
916288279
547967054
445593370
205103567
744853899
624515958
260249365
70193263
901999205
127769858
980586086
609590345
425640312
150388930
13380270
84784782
180529662
918937626
296027952
891607714
174456821
894062403
620171755
760132056
896242209
987628975
523792804
849047854
825398166
343065065
923198548
488559049
842983299
697786961
293166002
355199748
88389895
51597062
74050072
509301253
421370487
480880840
226088810
810923641
946867774
672506204
234038593
606946120
74728007
299100358
243002244
769890854
469269295
245464213
104602650
42721498
312214894
887511324
465042979
46101380
333165682
953065800
923240279
358110744
344088232
777902533
966511069
801063728
250566465
853455525
822087992
292627396
117437664
341778604
823782715
261759815
667887453
626118004
946306172
805523817
462169415
184313349
793469027
336076550
371371751
590618891
423426457
197005830
338607935
86304582
489966193
92337681
23898569
274052006
961366885
778771407
755948769
925044687
558704293
378085841
14127201
41186804
576861297
474707935
671156607
959679403
499774009
213353237
955537361
68661025
473031985
846101362
791170459
365501219
159166055
352236279
322717112
894812721
146009988
383216814
547089885
288913526
149878414
60952264
157902138
447114401
166745660
148427315
955808722
344778490
960298283
969402329
80475465
744115271
30851922
977343782
396673233
784077577
641017237
284578352
953434919
405944217
356470168
833046948
985461865
820525459
55160597
850896414
425638365
53378929
24653444
69306728
848438511
876090450
703300273
177527448
769616916
518765936
110312010
740379966
917294911
444329151
869620387
626411553
477466672
812126492
90063907
56237960
666808999
788902694
416994172
8403656
221100294
737375061
819646032
964120308
889951314
121961451
781724506
432620917
84143036
930615133
783349470
392591661
972733598
37527349
79561703
368319151
328876377
936557250
600562127
277287820
942040764
724808903
480193735
5295086
536847080
205760012
312995563
158450476
945843455
713797822
730693372
386995775
430886830
66299841
314069363
633938851
52049829
940238627
537251778
272350149
667732728
518749669
698688807
31374033
827140503
188948450
793282117
145446568
69109749
669881478
183527435
637222394
669818859
156687239
539491436
188295418
853625908
122051379
395446485
944539793
8462793
10904415
951376927
224960530
242376873
803749377
354350715
119842891
533707900
314717449
672916849
479275659
953802596
856658959
854383641
58096666
134840135
102220335
897134349
621732107
97602569
374799554
97615744
252343208
452451264
950996404
38809506
139594506
824136727
222429447
347791090
572203925
370619670
144481145
895062873
72752806
565813701
848033591
896229752
411529834
588386169
506541043
991779339
248310416
654653231
596713883
644173374
876852105
567295351
18143523
135945331
977110855
833364496
784096689
898931715
370392372
420714441
529599970
526224834
417022728
235652512
140602840
82180506
784412288
722498829
855719818
962747731
71365225
899445870
618351306
132080278
781371878
471930458
356291555
500099884
976499858
598034067
117261748
195112115
875854146
657503693
868637907
478298187
745802489
260108765
253922635
519977348
698689022
50232287
663259755
578899200
821729913
790414068
362416293
344548051
215546478
424115419
606910861
181974606
404931369
835493279
915988182
629002344
415903812
376286835
936437343
818756073
729360284
616121231
411877128
257237230
583642401
110429332
221865355
734321220
997154167
420683594
13715420
851444363
982513774
138991552
2962224
219068543
285978803
445852517
227983149
735855832
786617823
127337201
789935800
202470974
181708181
852953329
364632531
621478431
155301435
476610674
396924884
786799324
646152857
775523515
152413310
131717813
491714074
268935826
148507491
222605171
199877874
582266792
339143936
384129467
570342859
693672238
524527583
416291429
647677353
870838781
527333649
786165151
27488587
972874334
909534944
350902465
541931535
53047366
351723914
859721204
480077786
469285992
579073647
896929962
23256815
283001566
96830851
875203252
734938855
863497005
146334968
666704332
159917028
267043180
370450995
787411458
607234329
494529309
126553924
143401730
260177560
694891264
987010775
883310011
372484450
811763786
406287443
286554766
962467685
41708876
962680722
847516573
118736765
732643070
916529964
719884497
162239849
49162977
369756196
114407083
408619230
252804546
296294536
282265814
846698622
854249178
850220291
733424854
94731414
945909299
543654326
393206877
869928877
872770068
424680569
570458809
469206796
691199763
83069390
386956676
761225176
26787918
860890124
999435003
364191480
936107275
637958623
694751135
860228046
965238110
231124349
639542125
836100877
357469317
21992431
643688836
486041421
668047990
21966002
678164035
84838168
168976836
124508775
776031854
966096467
111569513
569869139
292210818
562460824
249976906
818518701
842449904
510596110
666066715
796867013
575499059
826063827
243285212
286619542
312886111
659160870
285997547
548211503
72573633
131031146
303888861
138323303
223345085
105832012
239862781
378191882
48835670
120065439
532042587
575240360
462339542
277883948
127428724
48465856
313160301
323485117
981634784
818755907
239788608
573919063
955231563
233240371
167600596
981612922
15764608
45878229
663069860
131637072
577775974
497246008
758169020
461166943
370530061
703613013
897220960
447937254
379590285
912080672
635482856
251227213
53237451
449500164
250122806
115807162
949096474
956463357
766027626
114746338
886939776
967388782
175824125
56243902
344982793
309035182
160836263
851381081
37625268
399842163
482654996
736248334
817972861
530670767
154436836
647238758
569665588
824426482
552023022
153689414
868840011
967215724
859244019
438387821
343764753
241495292
661937231
778095572
625183435
615122234
752611865
344972192
489723806
659121526
132181078
330230606
940731914
146976188
452022710
680045323
293438836
226792745
43523672
230705589
136476153
655432351
440291403
599765262
179660564
137305039
914035016
682469585
192884599
583616348
157026188
806693955
36439015
71847550
547730178
664806753
375329443
954000839
140739584
129546571
291405896
693470701
209217174
761024604
686015840
470251234
869190079
149851649
181788675
767301414
200927136
206544688
916533260
365684000
482522101
399816097
164552911
258501401
765294612
615437640
354387428
886326567
827222720
324427007
869479244
550923175
270855169
99167463
518514321
377898031
234190337
284580335
109214771
703556363
748334848
504944213
64072309
618599524
831932708
117020906
645689887
41463298
122783059
697280290
634552003
184540047
547117579
360565371
729132298
181835775
805150338
671970032
687550444
206282871
360888187
293864428
220929421
444275162
48106224
389320752
142604317
98823549
190702888
209968206
342401415
96565778
3098787
354900351
797133446
351483483
556097424
291141334
26769875
278046833
256282207
64004264
710768579
70698878
259601103
10707106
899210633
111576800
705476179
568899718
492489852
200305582
7311063
810528220
400300695
83996105
329236817
322189396
527294795
759457309
399513015
236103151
785037604
336507980
270504740
708355178
654811097
608890496
570319085
145869518
319836633
350086815
162095050
903655501
631896856
965912928
392223738
767008490
185815486
6984411
552345291
33661352
357169350
202937948
774082796
701813013
549403285
609112743
832711382
188118719
500431993
120321593
310441091
392640712
212999569
839234591
265635922
430238937
556851967
961126268
480953795
24545083
646637532
710266841
723761346
879393147
174949261
438018565
507466197
32524779
540306645
866643512
928880281
482391377
982033465
284058237
579546164
525579273
293817974
248358322
150158631
3828843
973284752
377721563
658473414
406442297
960309411
648429180
791569642
980817184
868562588
267784679
203470870
751066316
185002545
271507683
947271825
130529045
203406239
67285918
530490404
163192959
895146912
1357066
557579387
667260614
79526703
616285742
961870479
848641110
179237273
192163194
169111237
677563170
641190213
100301700
169250198
959445798
97338312
324457743
159037923
896654099
763630469
599051182
430242672
299514079
226835445
231054834
438710048
34922787
163640939
690033545
204837435
895011325
730677631
168573408
708483157
791620187
561481062
202778463
168942953
928750575
435173025
999413128
649133667
329304853
34914941
264073874
989837992
673509444
583208835
123776297
841214109
13496800
767351409
866571178
195238988
910474450
294341685
135531985
815188230
373519476
67041775
595756318
670766711
779930805
110137947
117926765
54502244
585749407
493114544
817123616
977868514
400480162
45361385
475629137
561167709
436372119
811799929
990596731
800252786
481384273
733270724
273766004
819384518
238399403
941866466
816105456
418672313
849856304
471002153
167791491
151874595
951322769
496004606
750204673
42675844
219478377
730660810
454669338
587349927
964687093
152380301
890881371
221043530
927762423
214089543
82139406
628064617
995244380
505626525
543188762
740503285
603508991
80827921
449106306
999006486
813180349
133204563
375996927
145056276
652793587
778250672
631697495
778694208
936277952
691664512
537531652
403486183
301968351
327334137
159274997
570886589
894194020
6476494
972783301
215626470
976096049
774821022
680695198
672196266
190166559
558653707
573599636
62048863
991202565
344312439
641259571
434577184
384328472
81338643
552538875
362015962
772521590
393706641
403483048
645551219
361934744
841011170
165459943
347615941
11131489
905797527
703244657
676324380
233571937
894714715
331669268
338198299
464125459
174689819
172811879
329145511
767130165
613456150
73608467
115598995
214182292
996189426
491501203
926543677
391934945
781463957
856000155
830642873
957134387
564956875
528001979
246689191
80943883
721781163
138087758
148195690
75161917
600163208
885457065
41366498
929611742
431327756
888650710
908355279
447264828
59869954
925040639
181217001
469969770
890964632
595690650
872484855
612529203
547875386
807169276
80164977
917080796
283346033
564741229
109742389
332143097
839168442
753313856
406128677
273467537
106786388
925301638
409304708
640133429
952637459
830775945
93096200
497842996
869477196
608070491
108481822
491825382
907126935
585628941
408314826
235609584
828551547
30351809
80149700
416678206
6763130
454243336
688773583
88637758
806906485
263178720
753446588
878175992
296054974
636360955
469349054
421719567
46445189
499628075
994440191
421941075
617163859
931631269
992468133
549502742
416633038
826072433
646269674
8877948
375445477
982093090
669387843
704417032
243924114
700341642
273749672
74678131
994611039
356109311
493223782
688967953
109858562
628689387
117062861
559458333
18340567
853768915
27290531
914013834
196110652
24066246
451810981
718007808
614959531
96965606
926678795
368488398
788686789
142956090
579937982
91649469
926430096
367604771
291070435
94374047
599071647
387514848
326811530
606173380
218092505
434877497
810924051
27937479
186708378
714497717
686948448
201616470
764010080
40646265
209993382
756847729
893435556
238346191
992787786
504162803
966148321
347027948
795187840
871578488
1938208
871421790
263349675
75964290
494857198
772505196
235596931
729163039
63059110
312185631
481800983
280454755
234661126
954618598
528199469
252141445
938972312
950739028
215470698
65309500
122073697
778512013
706420478
827565920
654109277
923282028
584030690
666233566
575657342
548678694
194657822
240741123
387530595
986582349
343338163
948642146
368656199
571273186
707424282
316393165
581166028
958256440
318188069
984932336
693111769
441506394
700573724
318597496
969149399
147106869
754867903
264656679
61910319
920837576
499442674
122483191
318641790
729333602
214579554
171682067
714993142
970246080
79166298
114963586
61947874
494987991
993633404
282538678
416618233
848755771
348353285
809174560
64457091
441738572
116472108
699139162
700474204
617595129
405347416
348123514
772583219
238424990
232457195
766407558
763832200
438474696
906609175
319376566
431264905
928003677
654516630
787948842
818482838
229948019
573038801
680179338
990568981
473201737
603278941
992771294
832544861
63205792
737265063
93489641
959049973
879147474
136121494
662109645
690732293
270211129
639333949
675615884
902518993
412540908
616112009
999418041
257406215
585358100
352360744
394627653
943193604
878872590
776719763
324509942
924066990
925407044
256662526
903320714
465709577
183461484
231924305
586111969
530365841
204509621
566871427
315097634
441502079
479109269
166785537
416507100
586309945
952012052
917010393
883730792
181130824
480737971
763655388
404072667
831699569
250978396
763681240
642567685
613918954
376824220
320512015
612168875
863984274
22305402
775061636
979159843
990560910
932769157
159145718
679613449
546994540
61765900
368255937
162019090
359040875
340703987
637354710
355129581
903876356
852946936
213331308
853542677
871660849
816668175
650691752
898074199
284498068
533498641
474661599
978736806
409588593
964434634
261859807
216361496
245364984
745063398
824813880
296971949
261655060
223319726
174387067
592730600
754730215
11383624
300915781
31881187
260563544
937682002
511032667
71237180
981396419
137850062
127056159
125962388
198640922
966673053
882266160
584336612
541505068
666396033
846561409
331701528
534489978
167656402
530716688
590922983
315228437
463233442
433554626
720588957
557842573
693982006
858932733
170166041
341951578
450142252
381042510
289934828
142383821
994313792
782518289
645964505
542775809
903359004
851072719
144692515
701098395
214333472
858625393
111117546
97200283
387972721
355886345
905272916
455951935
932055233
515800325
638001393
679868743
626644646
321234539
243784709
787162704
897069852
696735053
998399056
69877358
275927443
452406576
951211891
40950404
730352097
308859061
15881322
48012769
725157277
945339711
358893057
707381858
28323404
220083294
246653395
545233285
694415155
991619504
809795886
146696120
607697665
687993408
589321473
906147253
995693446
989628650
989610334
203911633
683176178
721137104
218420208
474497087
760856439
738422688
636145716
180428775
623591481
679626893
530222724
335720007
166441463
352581327
873216512
965970851
138649374
111266199
724251848
148808106
390261127
103232071
321985412
591045969
554011344
898087038
143498894
154332040
747653159
123369631
609799195
16583532
930960089
171145342
493096390
113617527
817602047
570953021
792858227
808527413
899630247
508393405
91627686
594165428
772894351
292759749
292253043
805101194
852183308
364871795
301608679
457571038
119295201
857192334
37739623
641430496
518435492
855785350
464697709
712757396
160834874
120203928
6721442
257323946
212868038
185625111
574005388
227963460
847156630
497852243
758559837
958624150
236141048
605257822
193450447
227276005
24411943
468482939
291176569
506162173
107314447
770939994
271136346
649121458
904516053
735505696
173639596
407837002
736107174
630214111
363902465
364517416
631609931
57759321
331648288
566180460
742969854
239298998
639670746
886194967
363693250
668381777
299417806
478709406
764434175
834536018
929736646
569426209
390543630
568219129
498265183
398393070
235973647
508436222
845446388
503711191
329140271
668140992
478344104
910781835
358233711
162142562
936134136
144953673
125773994
696864871
805799461
516953230
13571110
492073907
707456804
140958968
166435624
545020188
210808740
871103865
529984286
13203208
902999253
171633004
24229905
895357629
989943199
1102724
591478923
910585621
493793770
780077115
617600910
971718849
284896651
789095270
340721100
416336878
276139553
465954806
741436036
581382611
602042344
321410547
10514201
616191178
123117497
282011690
817454701
9352811
96876893
266468791
428384857
318304775
755923842
452595594
991556198
490626738
252267831
393752433
951099610
787349258
118795150
560421292
372272011
525136217
110882783
467616355
164997125
971082762
553258408
216892903
257349761
496479457
982360965
34952440
3312992
660473972
275340928
873602241
714444510
84970541
545617957
8986274
358207417
234467529
240867819
820389429
237289382
623539218
531976254
777326203
445791845
993542028
519556376
878852369
606294449
705693778
579983754
346019770
95349554
473231075
407593345
268427424
654762692
946661571
852606976
855849124
835044932
42586396
548407189
91696041
866794755
782136675
374372792
378136167
412664053
145044087
504940157
411706222
945886239
326121297
172717358
553128399
584496606
344549801
677672250
617318963
806109644
244096777
635263614
967496863
978446300
115709536
400437505
469993727
829988526
243844832
788497504
358968636
102562848
798069599
147569875
360914695
362200547
824157228
871754368
899790706
113653560
733935884
913354955
630689822
32512835
724169198
145348111
136037070
440667580
439948922
573004469
104789555
399287517
802576310
844890271
561119357
68809267
925500160
828724187
758717362
84977371
860841366
681071424
652977972
174207851
771924262
973736587
101889678
644592380
225886913
415573086
495942454
532780877
279992004
832777983
774591867
929228308
567351564
756480658
822775391
740217252
218764260
565662453
989330784
873079887
4428744
182049884
180006478
160462761
714207319
501441629
559637701
812946478
469970081
318220228
754543469
182029351
800586727
228327453
399360120
679465337
788287601
437946995
237102120
644733362
138512715
935428767
816694770
38881118
13890743
491898997
474770595
144266706
937629376
936440393
593011781
995661617
61144414
64784564
468516917
78125251
358522243
199541781
284143898
822682259
317500814
397253460
432657632
624783659
919757208
488007782
905416282
372477740
197366697
572233052
218164323
400140860
153703692
624381268
453358312
255453240
656491767
495921981
785935933
138448965
881875213
393510637
975327641
125097998
903449750
966152951
894759591
279648942
870671622
746483505
958745639
812955590
907478879
333698498
19236838
840131735
94587211
544769015
491618575
409469467
419664014
919476541
470491195
782618902
612308496
150621081
498737663
120417502
863644686
23374198
374443199
361925330
793543297
83297258
428212158
314740482
216902334
382758809
799831868
954422398
149354870
612852390
929220151
643143027
166223759
11000681
924358050
694885519
933290184
20896187
598083171
516523977
622260146
957272647
752504269
837690008
975812585
38713361
823096427
963913150
922361645
522791980
337075518
762851322
567920275
466021499
411967432
536560698
833659776
250824372
343097886
202745191
529179429
530698674
291211079
118193850
987217274
2781049
303399444
171200767
869273381
331612642
608199497
743892120
941926779
819654149
370831294
278546100
74413272
767690360
470075258
202573274
798994753
254619351
167435993
908061873
775657901
764449834
952088672
186429377
943685636
718841947
345910777
396562291
953037969
658545010
648262411
919548406
994150105
958152519
511988783
673326730
843191236
190516469
91974743
862260713
728583181
736983235
711485570
448715698
161205916
804748649
886241391
129512891
868949449
614308986
700456448
922089042
897338799
531559883
202069202
150821957
59940885
142588809
481295435
710982877
974894638
625997098
701961189
847558212
391603175
157556128
302326564
674924750
348534048
825568645
976086873
892459849
47705443
460705242
170675729
315019589
857824010
517704100
316941351
547292415
485847437
404273008
334466343
84863828
648572353
665980774
190490566
368272826
741560240
13301678
111582357
539855450
146017657
835358760
818210372
445993761
676380534
571822370
874545105
4519086
82654428
39137897
252181421
746252561
919983702
382728543
59245373
344037767
333230559
807071537
951848857
386775726
751642192
920908294
648861001
276008983
1087762
546903950
609078188
907261539
193479450
820469887
757621677
187955040
669941005
501616691
379243148
861658587
832048365
344588303
258851424
202142593
69515223
73781296
203035312
498628135
656655234
876801130
867267389
773146160
555283993
835592452
475733016
153598155
916212601
427459314
798078018
233293540
259906704
949369487
144975780
790948908
720060759
232102708
82893288
477180632
57544417
351441322
738643592
940612792
661981592
673367536
326383271
933663910
173458844
85995413
653516840
752526977
2078373
435269832
44043977
595082710
326986716
935563087
983641905
25670069
764020119
617119282
69051432
206862923
225290893
617820255
193341343
264528457
812941549
20524557
435144479
326584902
55842519
195721566
145193027
449621420
936651098
526234700
448908001
283504984
34283607
645880073
845616065
951746949
537438732
521686660
196955877
806228844
212752628
236456317
619317946
740595738
661477391
362101352
212151938
675992070
17869784
813604392
426718391
176197487
951986959
169134777
616042841
293523577
584712627
60727338
445305494
672099218
504857438
954704851
299625218
591036723
791748359
321014899
916727131
374283078
668917665
318873425
696308885
53026063
193354308
33416724
316084057
131571958
557588894
722698215
63674557
315167322
109920002
893090464
604094269
135568412
658448995
355008348
197348728
608068958
363096778
683894368
802209115
878448021
772098852
246493173
358313997
755773701
187087029
743197803
306487671
605963427
625824376
640198164
881472001
551451673
747971807
282791691
698468535
898938660
464366039
534558464
481850403
593866201
213661512
355465111
730865637
906146479
101999566
533537403
77020337
650649658
722105624
683960968
943205894
681630731
239495508
563986185
269999553
652220355
670063050
658325971
215515952
39336781
850985139
209184992
78161418
629625970
45175583
846207606
550705563
847502219
134020902
197822051
873123263
270555751
186025810
31746316
184285233
394274079
841625005
129660764
36036561
789433763
391222462
976795026
456970168
51031520
196294261
494185575
730494892
169146282
715529655
158537909
236266718
693536076
336230121
930207570
276653799
755869098
687028348
486769174
336659302
891114571
606964779
149046566
141102901
718443573
588922703
315968092
788152492
859387064
731206480
135628974
561495631
992531792
687301798
572804772
286987441
34913090
609864950
851203017
244796174
957853009
915310957
488254564
763930175
649176132
110701318
624576108
533020367
757526898
407625257
822175683
914058233
594236295
878575940
701839945
39439996
133720326
424098113
780587003
537147731
460290811
661883374
338682897
821650719
541331778
17955267
557532650
673730350
147179668
247397468
561324521
926219490
759846672
51936982
152801975
61422134
671159983
783121881
122384917
614737337
441024986
305268793
518708275
973048959
68178743
816398234
501478260
920028806
910540695
988352973
42301238
213699382
671180925
730489474
350422272
20814594
600516783
36432496
579334999
523131951
724023514
89239529
60375237
655251492
806374112
751394126
141010709
342559557
517079327
399582541
165278665
38877470
12934038
201914731
750935043
31214807
463840119
577066106
178679798
895245475
904993228
848263092
258636279
845299068
406257128
39667247
736141011
715073547
549542554
49279929
550372820
488639678
123233779
184278805
731827714
215869722
560225196
818508462
829170561
634828089
984060458
327864609
875513111
736230088
52205372
822876055
174485125
947097430
83878385
28402219
991085895
884092555
825920482
814060078
703237686
511774132
591637757
378939886
69446303
885001655
507540791
704700802
107881020
686345004
124807692
246005320
320716135
254376332
998856132
406279584
937891428
628343378
163263065
815858496
911316981
903837862
125400652
695564564
478876119
316950173
909899810
340758607
502835157
791813999
342953117
789243971
706505587
212530913
917945889
191418934
538653826
816163478
70430047
736072981
603314806
413778013
476203193
517182287
94070819
58134315
755009912
714341000
158394148
73665943
385535713
607269923
181076549
997411985
640474434
731254105
674083568
959359209
508630577
264173160
225970912
809313505
75824036
6276500
808871707
716464766
559686754
893041733
118055710
199128656
131029337
221101346
820401025
108024717
497944378
392528277
975325129
919021632
990795272
864927314
733156314
52351910
464437038
844714171
136884998
231565518
568587216
105247216
302713830
64861761
93018113
897015156
266844612
871313927
765894679
876415232
374560863
168602897
42904477
490501417
640924734
67925998
219589624
609600433
530808690
982950173
470274713
164771119
537743179
71463512
825089393
884343445
599701470
323182405
189748653
366113924
357789452
307498086
383970108
425862140
332421057
479093854
88381854
202034017
909946654
765115209
563644728
356600209
912814095
882550748
107530797
503240233
693982960
139531349
447396706
457491533
349820145
9610598
586628781
158252181
497152189
849150830
214508765
813515491
791019784
557433670
909480915
933379536
898759267
605156325
18064883
90862081
793511081
87327327
174974020
668059668
325506194
387330778
977847061
641143835
21924012
115317504
40286536
649526796
700833864
759418211
509226272
67546136
855701916
773356567
847376030
169895058
157459594
10192622
149576618
35614735
247387702
158141907
380548366
739988293
295285303
253355922
816112554
60087547
70257210
384088508
370566219
810481542
200618250
330989591
553328587
276088332
121394199
818093665
843976558
85257332
736621567
823714516
714726614
67857630
752433155
626684251
588665658
503746193
456891094
668836046
436657348
357964055
630272742
389059084
787159410
259777012
197235721
822009113
895619292
286779547
770100950
914087004
55189669
695973021
138033857
334782717
98717826
540475752
512018523
188360577
4750269
771593047
160204476
480828821
731577519
734487308
16122496
190525190
883542708
817700219
488595433
63817245
887660282
740378494
221960530
471811606
384262211
557252895
40212753
408192153
357233315
990619062
385970060
155866827
302653094
331011536
622546833
305494229
789918218
577139443
199427150
32222258
466368366
541464746
408630944
348113084
104003338
808064287
479857451
958882854
337619815
248237417
142816632
269617244
854957555
470963696
900920183
325105949
42777965
364875152
904097540
173708127
698043877
388850805
250310040
897668210
824782808
159315287
972417902
256911707
743249948
896360458
659708961
256714690
334528467
934982022
295233664
599433023
780662380
518875513
65220525
773619183
116878863
285954501
136370950
644628666
312478316
870637671
719788137
972464073
805688237
971641878
453877770
557709916
785478184
89382509
901914850
662344594
877861423
802064437
702127502
783256189
201479728
504030155
826712272
711788713
149552734
891284536
492545753
977168394
231307271
107009744
831320414
497002026
600515107
304856724
426086077
565892655
312002303
471192682
146334955
247334783
543061232
827729546
23162375
505785365
398618073
182334240
26543418
550738650
322786632
159607747
318336822
475287221
358392106
937719484
714408502
925670246
335268262
585200539
225672231
230622140
633933143
156333801
137025048
83670471
590180361
790198299
19556732
485133057
712609604
141729100
45882850
18206766
713824548
363098259
848040954
278806519
562766910
817636217
247746416
217260484
527325015
335765026
601568770
374402692
432059456
600497669
821499242
773368078
900730441
723722705
271805186
600083699
348823433
542689885
236076900
514846187
710003882
798882874
830254049
796663870
681359083
793772148
373174543
459109135
98180516
703386139
715438702
854338338
942051444
558044713
960845037
990558606
632650999
487750526
617204925
147393239
686420454
572555127
774471894
165438864
20974526
124742586
274215543
557951057
717353795
846444299
935426081
639122751
7492529
154915220
13005557
901800542
377252887
731008813
338005392
238403681
138712397
122421785
57692123
570343857
877329158
500812644
230950393
696012712
775300944
882723098
919073591
180760527
347815750
476869405
77794863
109335938
645675669
851838513
853900142
376926569
699042028
602191608
428518797
237991968
110348989
174097416
447322211
307720406
307610733
637026235
181682334
665198983
103180482
926846929
964759383
545582017
339223601
433368869
396417007
423270640
900039199
21701444
136778170
5675906
440176379
615023921
128101497
932725436
573074219
697273696
148175477
711101707
587703942
596703116
209644388
149887600
638852835
431389174
789768964
267214161
727635828
110980312
163087387
349996363
974898454
283690731
280909204
600603490
109584451
254807829
153124275
975190798
296945074
656828155
655361324
387069166
988783093
95231143
848055400
967387667
677895622
641553099
863603889
494444217
130507839
411761236
866710658
620480347
800848822
709884293
725814881
458945962
160966555
486214302
902043399
372244673
746345502
239126570
647513619
325207465
611926918
597142389
9967248
10648918
698572881
96016859
473026848
650714696
450206337
298900405
378705719
2841634
790022430
962536660
617293674
434265803
294734889
186885949
339948490
229596090
224411045
352488660
36751248
380295744
283235837
922757755
120434229
338638516
759975286
176420835
672265953
214531103
493271434
957022724
101344815
738441395
754125349
622540572
955136849
151055001
909536448
80426589
457234989
508697723
973302855
742916039
155627474
990191261
694161967
627416822
564489022
178181341
28310166
386923931
242275893
276300743
584253753
863039614
861310265
11367622
970455687
494343102
176877571
190219764
797591680
623596960
142816638
327565797
972188953
454964765
320365330
936390180
449148102
397183375
282541974
750192503
604338382
687946511
175580559
395821432
697884998
636228844
240680373
205843498
133677395
93416564
188291494
21818587
239260567
649024653
504845969
462278964
131273549
671993482
878742303
74135509
853934740
873472236
237897868
679179078
461242040
786038568
287922944
221780569
99823686
617522324
506673243
156322872
360068712
681007679
57042081
42513653
363687314
705783860
601406381
12942122
25547660
619101754
24316025
338232909
891783712
347829285
417172385
560833453
675648752
112360288
159803403
580758451
335887341
782812137
675627326
282897797
381417644
639275831
154891001
857014595
76916795
690995806
961917206
203301885
110490045
360412715
47302487
661382948
656358869
330803509
884536183
587382573
644992148
717010160
718416408
274763684
926538652
949090850
559293817
513729650
353787827
487313713
734648098
21515499
310138665
83047613
411903418
629790185
908432263
238809062
692355221
308907340
187686562
664300671
463239226
871297564
114335452
21399080
682927618
45203741
435139090
315338289
774838919
735951706
29761088
884354190
7782071
496797361
765097683
82636814
729633746
287658836
959961181
465423946
413557659
972418692
488500621
302930890
965521773
242184668
624418272
641024085
121366029
216913251
125930185
675370713
455861020
580695805
655714317
552979693
506991446
83259522
82332200
486216078
831523846
289591812
975045088
495641554
484493794
186932304
556230196
292421075
63629488
872981367
734671934
341451035
990958773
784019914
466881933
893621578
913101183
806035058
767287376
337311869
577888830
355145096
886725063
522827539
117318282
332168121
529418588
78785755
559035305
800849869
249329237
338808312
301525948
879907989
601864949
924431425
939682403
911325544
803054917
630793319
910869290
162884240
162135360
43195928
994695950
403825171
799774883
716128660
935377565
607398079
390909633
151051193
462217569
58309720
589125971
404837736
484497228
25551705
833877376
510998307
95642150
40469538
437205871
196586321
608194779
857218353
708784370
765588381
347240471
279102913
108357299
182803564
419534438
665838810
687499605
251064543
370845776
338158601
559174514
394697684
127514446
839686888
888869313
690101142
80788994
410780330
558508289
368800080
977202331
930538653
234405377
538967950
492521334
108988796
999184193
605365699
121947758
971105047
31327116
494878873
577481736
952217307
463677842
853845294
979181804
635861309
948990336
57100658
940248873
850351588
999552140
26411875
957552717
759658308
429465518
915927648
614757803
697009153
233610357
978111887
9968269
834578159
678773486
826142017
710518351
266515048
485216901
924772653
317026218
627328806
401346424
463057519
249632541
785218281
438779575
64462584
780470336
316691079
203528702
78690770
373754821
246392925
192626241
418750248
127740049
292130780
896139665
24069182
796823958
708991217
36380813
747134083
840296889
535838048
438922467
326072455
461879091
138323025
292056184
282377044
837472444
824325775
965149491
433450971
217627755
564185680
564564053
498687687
395029478
420859306
473148510
247229625
901975281
556743799
599974673
586706790
946453028
556763194
298813080
178116205
169805225
68416172
366901956
845179786
782112704
896086397
936967246
527444023
557743255
168902421
897081645
433777570
271401730
837338139
319662117
656259520
528992507
978382949
607029895
790328451
760859969
397786803
800520003
726685235
426733132
264788602
409148082
305054770
764916062
324092387
561953511
126849245
851739598
437038724
110959694
198685881
714571412
487020631
349909578
14637044
389245629
738195870
355314483
771296351
348906875
789803736
393769500
536047144
107508796
928081768
681814621
603276597
374763894
645253581
658779729
243465571
229480652
252425244
292784443
459943437
248809927
95723892
784655997
46547062
717028901
234270206
139714998
83803997
282351466
324895563
754326488
911907494
115882002
712417876
783030702
324495531
153811036
588868908
876998969
851522166
649853079
403913214
466228450
448294906
374648117
183453686
496065145
269960247
794629336
699815802
912984661
513955516
156313198
992353867
715867528
270043705
503243883
439388080
131920059
55796354
632069778
304614849
967480346
104985397
495765733
56190055
900597406
444593076
837637725
371399989
56956915
591670412
765954709
825493845
258835429
672888175
354861108
793473786
214343629
203786089
664923083
849013420
300172580
210116634
949903332
781575999
774476761
885069037
63561239
105251833
807698963
876579885
113473160
278821022
832119399
814149257
668831388
880954950
540246976
885278338
194245994
260113608
566967168
328268171
22996104
738366826
914075428
535671371
221036107
586747352
628036829
505666769
112833966
340561553
128953843
671766287
271147172
65826538
467254991
452927589
4061643
553652226
16498234
961712564
672150024
911765557
293339761
157765688
63245086
408447541
71369540
957224804
711973050
639500121
130437213
721043371
487886917
452548937
806573590
978799141
459913146
159271506
52700162
615953519
569622891
343203071
150640602
796258216
585459207
826536420
953066555
87769336
989136040
384158282
894871417
753763373
344145018
200321973
458698812
776047870
789599137
154218718
994851476
484406155
467835629
576014506
292186902
604474957
180981538
992965779
631096336
431686316
11139102
356548770
15523502
766352171
194896843
101695915
997979226
722224394
240364773
692860484
170592890
452017581
396914695
719719233
100895666
923671414
137696099
804677907
569901222
283879731
772019659
690842045
273082293
935695361
467694692
9689684
115852121
59720529
61595370
157990975
871859828
126592348
194752436
622955103
898092901
368539073
703010185
528633118
950115124
422536645
916610065
767940136
358448919
854453873
961944837
446263878
373414744
195824666
670507757
869704795
435507378
107801437
783512876
618274781
215534153
373914703
643369927
625473300
119795691
438260940
473784280
239923288
669730217
146034233
234017062
998328029
364985051
893801550
969566197
310415294
97562261
508187453
851684390
262022776
894965101
976598957
602290321
573847795
563354513
905223288
541328035
453650522
600719904
799332473
47211019
578660179
759367363
337522124
696896070
952281060
200344675
719868835
95284051
685796318
73438591
788944956
232465453
482758321
685802448
510460005
916980965
280377500
499761095
275529095
817372888
349231313
286703470
540319129
237885810
867489783
817422245
180709754
73657646
665137307
712827545
163520038
918207059
247873689
739277411
788496217
57246166
962008012
308340036
105376461
610242717
437353313
656426303
685404462
964251115
636686452
321108395
753192707
500304919
389062130
228733016
155260888
500634831
620252993
786150355
374013719
683332120
718999947
316490002
270689033
395717159
188726292
163186122
111727265
220428806
373330348
560581872
116030715
722611287
34646897
509107646
262098171
280039979
706635291
29842853
865368909
855580784
220827938
180349763
960309407
485435356
458417156
311596982
669669130
292907512
426434737
959940811
360749509
260135121
181503822
343028655
585713799
661233409
863913075
73410177
361088630
295379348
843059297
71298196
146661395
690717410
220104507
999401729
343872346
688378818
900963350
233415285
498208879
925326100
451805827
420208596
1172997
390377357
78088141
321342015
70509009
450047405
813734374
228642733
96723862
616009970
955145553
144487882
59927017
592674980
292433393
680600427
356483627
352744513
397319085
348767758
909211750
561300382
568102351
387852661
607798731
518267707
706180727
950571148
914170605
215213130
371625021
564865817
685089256
203088469
655914908
783382815
156823204
475244450
936105984
316797648
276376387
241837425
387337080
539663362
116973849
99632041
913494565
448960996
736404304
5173438
297797154
225238391
769595392
988805945
261560518
862959195
261276997
983299059
457845552
328210166
471239046
717372841
131243159
860804988
71869393
685531422
956427238
898809806
11682484
969845857
252133574
570282128
966902191
243295847
328992831
571047121
119546394
869948742
643868519
751952149
518617521
932431811
467151449
641189624
544250882
436961703
715486875
359546870
923948551
792218904
68673793
597732442
35871999
318468618
663445319
736796320
901360851
680667523
632838653
196383039
940052782
546541270
462111078
389563531
737175514
100219080
648355858
899478387
923310455
364692038
912808709
125834423
772383723
516274380
516438756
640860014
389264037
307564962
387324162
148198914
450855578
888689481
264149829
172769808
270276029
31673956
163701256
547343000
807413004
878597622
879110324
682534020
655293421
265785826
980751412
623208161
758310196
164573110
424344557
455290329
998343339
442553618
353498512
834173961
17977675
761568852
639823802
436106198
864500185
615019539
676095503
21459655
236598338
95661003
102756715
530836262
700312693
348635494
166535804
325217171
742377332
17790709
882872708
134334490
226060645
705406686
767684229
257518897
915495992
848786597
935585823
178812513
25383856
677482049
937557567
815197448
727410918
625635374
852389443
75658117
130641512
277487848
194725772
772411996
861580951
402810076
890353148
675471993
192867913
263931386
389325933
71949264
283529719
985629184
68220016
972595721
871397251
151915170
205596528
227799387
825925108
349289568
732051367
151030449
537712111
143185596
719617531
324437536
724851781
723757913
488070197
179846903
264881587
9766030
941492696
551294712
329978783
9909893
84284113
741852650
772126972
90121763
769496095
560582554
822351272
556212477
275635473
283190087
63942122
159811666
453236956
841244804
171051454
210671961
389075534
672102458
608260996
855198165
168544851
651837160
369460382
64721447
256373651
349839480
163321703
562772502
666638576
12735119
652989918
723188474
556384497
213669025
361575670
730049114
810079937
350959844
518967228
683280706
284868478
616059271
324326418
994441895
539884931
257278931
155146431
503189048
775637808
69744940
648108908
615365164
532765009
790925556
817116157
603260847
901744501
521872621
482071722
113419662
391846682
859698848
238674196
746180291
758875642
37128295
921526791
81502694
164452318
971107298
706921676
317601618
415252882
565345118
389643630
466994086
522960208
792357070
578832453
701409710
982355007
132831444
79920128
351893429
885625846
434884903
632622694
223590032
379216193
789461023
406631549
382412576
140206524
944818589
114714788
942645776
447255482
642301100
109583783
719814294
144629393
371499668
442794379
114891248
19215897
295249950
655468289
348270805
233731114
141151952
980373962
510779529
679941499
913382734
48177697
344032812
570600063
583803629
265073456
476112914
469996170
593470248
557041354
726631536
754026148
415493328
429234179
630615861
922734552
40271127
544358855
183209901
459839873
96466590
67610095
430106101
772580369
810058758
173812895
736330240
802312666
297647805
893273961
853320964
51229502
22678710
798570243
441602609
929368686
178524479
767162201
217996415
410027960
645507896
800470096
336986727
374676002
479274616
7671372
634796894
745180568
319960514
277092569
661135984
446593388
397631443
821201153
856614241
728173385
910186841
360419993
130318639
712845812
542914561
908912856
857610
431643344
518291166
402449638
332405970
172446245
221330407
734428536
531497673
602943734
198708319
454762895
903104607
861427756
467802514
857031646
33534328
725218363
32378263
752863141
167774784
189432428
141307679
340028799
977790698
471660425
381588094
504446537
183161978
437346987
341931614
585410589
21015521
483538698
490307103
408250001
24042493
356153194
543526371
475475439
206382549
688648900
686427623
594320776
174226525
591134427
322317641
717576240
65867346
574329841
289042340
828962816
428662749
626527256
949276489
368905408
817198640
413492521
135667814
522344873
236052318
840238205
566319942
794811361
906507949
552356003
722222851
139695838
44719655
36359831
275797328
859301406
258036976
251564851
438033436
136232662
912112797
408011992
686360926
615905577
676823202
502963299
313110253
749592878
785630484
106930883
108438655
753209797
285213936
265188661
623648921
181960725
872390814
503913760
67675617
552492661
255891913
856951824
34078537
247781638
731673527
507412747
389320901
512516571
700972910
561807171
795030983
847606984
723171677
599305048
196057188
721166165
944202087
462767141
420146917
828684665
164279828
380463109
31124455
514835260
581729788
765639783
80905028
323319379
323429288
532190624
689636801
251033250
760228432
980791026
15039224
584387454
229020390
358509334
599875371
971478705
169163324
297589364
934190393
118486107
188622160
567480874
771121745
562641966
637449044
157925947
819186573
312850351
586628128
263488847
264101013
894774577
306174453
574660683
696835763
318021922
698866338
614157631
172946569
157605469
952541714
302088469
396401900
348662521
853953151
477061505
856885980
71355521
790434170
457406801
55155057
183054591
598827472
989640837
473176678
514441465
376973478
68503095
297470333
743412609
427749773
631224638
304054989
721234094
813023338
387243170
755326662
761373324
268919045
655223767
874332571
641344653
829236974
65148777
199557160
435048654
328729288
507619624
55177562
396749927
412555434
220598407
627668966
117860810
383386597
887804000
375831916
760049473
753050813
911422114
201727412
988583055
618026021
907857829
335104347
114689504
789075699
961698544
620841914
328803374
227416570
535046342
923627721
410146789
367455248
586127872
254855588
721857198
100517120
493819858
110314210
582390047
929766137
157346255
876014701
916084603
83825245
541051052
331475481
94956503
131288484
413242801
906627788
383828502
615591739
449348690
74334778
635992017
752358117
397171048
458936829
785740479
191756529
180127636
268927064
970727002
921968568
753122256
426091686
553623513
12693489
841030382
97462610
452452106
733987246
434815208
436794530
818491196
310668039
160471580
278100608
951483460
651900550
457993088
593603058
622554743
390419166
840814383
260150675
643002799
412621972
203412501
766301863
298724551
971842062
526467477
402200949
698590657
332171976
470860882
648693896
824815758
963877196
956338159
947001599
934897121
679846469
146266118
410553
722731925
635082269
718390082
10821750
501598780
80533952
108747816
271768991
211341113
850280885
384249395
511789752
566748944
444624467
528510822
917646104
435842634
954579315
525058238
929655131
888736088
742827905
195737414
428335940
671507802
636508144
748658094
298503217
755641139
937878920
879772465
331833809
159882804
523425325
18168005
890375508
76923271
68871897
954500917
176410188
233069192
85556918
968309981
437631704
739184276
993930204
111607773
35232098
14277478
723433728
115675959
439754410
660058496
46721193
416633791
442245679
315258295
502614849
931046647
373949659
842813883
68593071
466109537
20045945
253000217
163342237
17110604
970891134
815491793
974785013
173776221
559188532
927609344
759973369
173619246
220351414
875600189
16713255
394729267
192415771
220300810
491884718
148895215
755530590
4163151
311109414
647632117
359865816
728997445
577215934
643982214
132908137
891426347
218325685
513931243
763711413
5607437
558125177
97623771
234085727
559488510
668137740
904374732
629985024
876100918
846874560
110501565
95797614
424788932
459607984
356814023
852622124
217738347
155656693
566943576
440239105
348341155
147229881
683533392
798185934
35024487
391455457
45788860
279291800
370085749
658767261
62003034
213366111
357280318
554916689
804815629
800401445
811539218
56104341
851397240
611528884
321193614
670795660
656094351
827733548
811240806
331065959
418380348
756105701
115082796
64667216
859107568
598436484
378074718
946137724
103092613
754891358
130868869
936733460
172853195
972709510
104597806
282246271
201086039
464769432
164617424
70045179
994987431
227552535
767026172
558847614
922894052
920035537
416455955
948757420
774191574
690735319
282280334
880446692
430067328
376571825
959284335
256850201
552428961
586410018
40467773
759142914
947063374
3163913
670542781
503949883
303340803
808116860
65906190
841957931
458773972
659962028
196025072
787277401
109375658
819293488
229918969
321081133
244777923
679744868
487712312
548893733
396642560
451995942
17159446
599929824
398365303
631307523
356205693
380345087
846586758
391158276
992199819
161484379
517137060
186633763
91217016
415230020
111083492
809407028
926161398
387581291
309754593
532156169
368852864
321487548
878338561
802747898
550407293
317095514
885378310
606668254
45141043
366608191
834717231
947723834
342695488
161500400
938900880
346376529
972119268
653543911
146236164
174315205
813328241
209388040
168612828
395526517
996789005
719504287
17048936
694597441
776901892
687241232
491654076
512830846
702898257
295749676
542795020
331742255
435912808
771971918
181298641
209762414
193539538
837074756
826253135
976727862
501984701
362999752
741760095
263449404
352798890
629691049
933278647
925602210
144890832
562842559
773027411
48943550
204020053
401264532
943267940
644522121
711980990
515784287
354738972
170509558
489273434
404686552
991416674
746676587
411146880
640705604
178771562
637315782
997070225
95236763
835683700
599475591
699840693
862791303
959957647
87672816
730101398
264357594
455176367
929914652
603499048
176035215
664560721
70130615
893362935
79832494
100792692
523601824
42890145
206755561
237443968
687100737
84740822
626482957
8393459
449898669
106111901
84025476
98713180
411029785
508163884
340446074
467899736
527769425
651676103
806158707
547316626
113836880
181318655
988458614
688248010
346139468
887487253
229722422
635422372
749099168
416508009
813214567
858449932
322432172
445819132
269595389
870742489
576163907
612624503
126710138
719728026
481442564
527146078
105824002
635321568
221567483
559136915
590384754
641216011
315500284
923889916
308259855
673617647
647190330
607709951
948962113
892551196
96435523
303252840
881273391
373145973
236113333
161958610
237287674
306664263
164524779
244646419
716198722
130890151
833702185
863829692
973435060
520098488
418749315
247319233
966867934
689135255
270784778
78665931
161855752
747945165
32402423
500245830
261768494
76609128
621070922
845915828
715058570
530101795
572864961
818607265
835747674
312775024
995179903
609326891
773445952
687048546
770496840
255633279
541336632
858852779
562906646
39731902
285121993
466608916
563849925
437504216
880321964
310213851
63275346
355924227
497620927
331835777
463578360
889751681
38606230
224006054
677417367
353161014
426329035
885931092
554790762
50515047
448305942
767494109
3940736
14637550
669670398
130269946
748846327
99116016
823054823
112063788
744822699
941615959
802494928
336670466
178161315
15892577
396340434
979441726
48501219
206098186
997852862
904135839
409470629
631731597
880471632
17349644
767393671
421143436
471567028
284807129
920135137
504437216
614339773
798550630
661101174
33042312
717481485
681916671
34318562
500773334
507355947
804882050
523314104
716816953
57166340
36693940
485792
878387942
15309915
1683592
115525731
93753562
167849431
450829034
356071628
130290367
718717666
848596045
889483155
605670932
215421520
569426275
808690456
81883367
168139
450034551
159092346
20826786
501686176
722114766
566568438
647475016
608625605
57331490
55933980
385454175
880056870
275744620
486760400
681561876
878231396
800701089
959696709
721796110
279477676
194757338
767835594
641542694
103072802
644493757
246185706
212059198
592565688
905131822
603947509
494722126
989771542
515975465
999652144
585125835
618637741
807005691
689967824
6541278
914867620
553150525
395138208
771036997
912139572
20101689
807757490
94949223
230006633
826492858
82704507
852694374
778575690
777464736
748144904
573927716
386120725
433849140
760573578
424710396
191300657
796806508
748830522
506695417
25805309
286257558
128258875
394423167
722987247
909672127
515335778
479728252
117569168
877898968
107597384
784084028
978514353
725613170
810050933
526834129
418050974
809280323
21342409
63394932
155657230
791616275
80219390
904622741
805099090
467150731
866242916
247992956
642908655
594488128
257611487
774456884
162050536
663321339
917055845
430186564
514649345
592668689
707940699
320760078
615847958
829144220
114043001
213928000
146668186
551659816
581982548
231864875
133872941
618181963
119667834
533839283
946897409
881531617
613083155
18419386
158090632
141606759
889127297
414408609
907599783
874522480
926216061
319355961
60750217
767717907
386862267
246102389
453092506
678770097
634907949
225907251
686815560
826901620
623905005
264558352
146834714
939322144
900094570
698324799
297076003
577231726
895130999
712625123
743988908
718401916
279692193
493041259
54481088
456042177
845327648
360555626
241956011
576893554
955487785
396728033
929456417
429769210
976384631
186095108
794179469
962096855
890051301
284073919
45566439
991101917
930142626
599772051
554912354
334624820
228356664
334568930
631524857
11697607
964715989
558940676
327179217
614961271
592323252
749939850
580080996
220365629
591515532
239186570
565256557
702407101
554849849
908852828
726246216
901818922
863917543
297344032
45183892
293057389
238181484
378937872
48750801
911595393
530858803
229173837
44830384
350454792
804421261
208264255
281441333
300593041
22599554
683556937
994087273
510405752
60347945
405315017
93275644
962146604
677992850
11808370
62957375
759105926
935032893
142452241
541393478
414578088
524198230
170085713
49846549
501482077
299066945
220978586
316943247
855734067
205526864
243829901
574531458
796365992
401206250
724631821
314866356
939288466
563685884
892353470
417364316
109546356
86675189
659875627
263543799
571215654
937663668
280685675
904983504
590864215
515679130
717050785
751179083
99184602
221525106
867914963
858907290
347001540
166884821
178120445
789821079
153265598
751211013
575769404
37501484
649075641
864775851
954466980
143534100
599042067
905567593
923326992
580167758
589352051
188644382
15066846
33840487
162943325
608054504
126283409
397240657
291960756
802581657
586850506
824091692
80813753
263673714
65700262
153072572
814830182
243182590
456359802
887127172
936653682
215659207
847133019
195512921
170540014
219113918
148042857
726570387
74649048
186442219
639827568
136125148
147195475
509000251
232421848
293854695
835408543
143357162
88612926
968267286
732301142
472096047
450398630
399534646
461880906
546913079
241167845
229656309
447547121
468955578
599250655
615875678
423603912
387233666
138448305
692924990
117464254
294158353
158030940
505998762
710363869
496479459
756119578
714108663
311856460
198599582
176362012
202393
36806894
267795750
798222843
73133290
791679573
213222585
392702549
961857738
340171687
923745807
640105856
291794259
489544489
538393240
864157277
223701013
858492
679753530
290678412
643744408
112994915
86363057
957720108
203275173
856610663
392144648
759859746
145474776
796983745
526377605
947975064
34315967
889803789
929164200
953820798
758181871
833983309
562493317
793547146
299793581
566584625
195703866
193729524
983218791
768275929
684834234
280197930
546094345
866410806
598730279
382697379
928573639
224812299
549678784
128985726
760307393
458735222
128611556
475227667
482794606
426043246
638710578
424572587
202137191
710881607
889788521
312140160
203201056
446745955
244225989
106871008
935799136
845281882
58309553
817007818
785729772
168524670
391395500
623072004
810911520
757946752
562463837
982136427
801182357
339528558
295918608
937162745
444344794
478686449
558240252
108276753
128060710
761620615
96041782
607992722
627998247
655723738
904834351
862455853
563539936
513633119
308335461
148514660
892551191
479163431
514713002
839844741
927706911
758829189
217069356
857123187
876062568
594053748
186029302
581188685
762962169
232938057
910083631
562677256
477494515
994878600
207230485
796050783
768415713
996701441
26110239
363509817
880520396
903806825
465031647
343136755
687499242
5183115
681859187
557593776
306161638
842549170
519750632
923994367
713499235
262996863
202188734
842910030
669146207
907018728
934016550
349362490
639795690
324346819
993226963
972071072
657175998
515323384
991507372
642793644
947632828
269568753
9133623
150821907
524532072
461898961
3893515
235728207
390327739
670287678
424218385
89047810
331662224
859025975
918806574
726264895
108587792
882508439
103748045
67250467
175538597
222525985
517406346
42082168
524134771
807801142
652101686
461207429
505046641
735492245
500965210
638401691
403461957
295995332
205856662
725239914
241874073
711326756
260818576
740945860
249077865
144620060
10506748
854783734
831852500
302078187
930149657
5879286
412340235
352375752
66806236
878494999
141125609
449545809
623464682
853757164
171232047
476538258
757033649
49391592
608079410
873679506
970681865
195251890
125771253
363597934
967971658
138545082
966671402
207861963
755008263
19397345
879204343
118695935
913488606
887172144
298841172
687081776
820461601
54205326
489757244
208161128
249027395
932999714
371866938
290750328
906769965
918516883
30275579
169249879
90312275
791450468
972179172
404501603
517563985
744618269
348137158
838069637
132994158
891370827
615965339
273051644
305240085
200694781
547724996
367034437
38595775
683652536
680546103
357934210
165164352
95437619
936530815
67508800
998659493
66565170
79345639
878501100
329050516
871235304
335461814
904758336
978491318
89536473
950715420
714336176
849402500
233972403
248105641
208205303
927092601
392524810
868257419
225682384
732200572
547696616
238727332
998304209
749332469
572625659
304066940
904242919
454637669
202073207
935615753
686309321
353476216
2933340
255874162
611762220
395797987
144879921
897802599
707586914
864191596
881329307
551866740
219009566
410503292
103600332
383867259
968463353
690655376
167602804
684323946
795343012
424206846
883511510
773272786
207128472
693984429
971665787
984449361
650502982
875637360
721793378
807056271
776207025
780451046
484730517
845967566
117661810
489288298
603471748
202152938
774828149
340725229
911786938
449741573
336234724
640923560
49051979
908258422
174419176
61051871
911501819
69834556
852387090
736463560
544115314
700283299
219031445
443216811
298770200
888393492
489562329
858807773
962542494
268562871
648819108
807135812
246474861
10496394
741073314
108995313
887602713
603019024
819142797
360883642
232269596
452424557
544540222
844739271
597065821
353615697
901382538
812265799
651058741
468716446
253487069
264268467
846396554
20368183
557864100
735591079
422751535
755943381
938992647
622668501
713872914
697875461
959532169
608814886
248986621
217915886
374356579
963632696
69795953
49559590
108684492
30945299
399150832
449372974
913240693
245349846
639217355
197397447
369900304
134684299
593701115
482135089
11511791
253345901
837841491
198349067
118409788
598516044
948362001
807210504
921855716
606216799
446614013
883261989
824598688
373161219
452082981
294747903
523009455
598892317
416964120
693301349
862008027
970402454
751343870
506455187
563647951
36465528
708031002
623696480
391038323
540763620
35423638
455909473
405747219
31108804
6383288
415020014
289701995
198100353
434620040
30318210
392990204
997489875
839314460
424834754
586853968
949522712
350914862
515536947
954903543
97190594
659743858
341826744
18878733
128715637
575948000
451539878
870128071
630407952
716565075
764767186
536388519
951887937
395188326
207926316
760364706
205939076
63454237
531688930
678547879
151667869
879193977
935570656
680064841
367508680
303372008
188615931
532156317
479903667
184342208
974637992
334934377
415855736
270437448
606962232
572442649
703350282
116096342
76749363
535566125
770370862
448079441
791961451
118527159
649813541
410179802
693101723
844513073
807625251
334596450
378941785
613307512
380876904
925953320
510617614
978850695
439274143
230225052
697754650
237445602
787633130
514125273
169275930
267070255
548321959
467235882
870861858
983078173
347670538
917903467
421390685
877525244
926687331
453989086
274926029
538280617
621762594
745329169
971650724
939505598
61291825
78570495
44244783
50762698
882549426
723920378
798694565
359153392
430041081
186576159
831883512
840145480
322583458
74997858
798985838
849466689
2019923
87665729
813321870
159105350
189144711
508752640
482646298
438286637
373751114
154026495
367385273
294113419
771585610
737627350
242522438
808284756
150551834
312835552
467883007
209771981
101299083
748997090
846460109
61945112
315133240
3779720
461918448
939768605
803919764
927129820
402757325
597224082
383372102
241557170
79586571
433702390
892211308
877611242
831301504
620647347
353668322
278795435
999984020
111041230
926711742
413979098
768550227
208495507
873374415
585230133
314761893
932009083
503264666
731485227
221572273
604459623
192724845
413762988
269554898
369340917
477745926
940033614
295185009
851334176
126433305
631301394
99783219
369404818
214777303
194757796
5528881
993648184
380732000
282925272
351817855
130081357
708540234
54030214
578383501
804448776
632468491
394547412
2393749
48746425
331361979
438280394
352729048
326527591
677514286
426092822
997880359
927995516
893910754
542857464
604239662
590357527
640206461
407093970
797206060
295539016
875153726
625364350
204987636
212426180
21018972
747966606
821304243
679908844
444172204
998312073
60161694
441288886
264741429
316827093
109834474
51664447
486310028
653586859
600751831
923602728
956472503
214499605
651220517
599028909
572902893
166417620
689087976
715549729
927445614
921210990
181991694
384117384
217407649
534408949
745487822
533599791
631787522
635220819
901984256
591283171
980512577
664113225
855690161
830638915
340987776
752470189
105401460
689271721
169718881
118268719
44512032
398335791
302830765
977774325
129273805
612989243
262309033
186179477
529000760
761245323
190252360
314345634
645172867
983275984
44984379
892790250
542092498
185837694
187556290
812229259
803367338
902724860
610224528
730980300
786000010
360432436
548726086
846526737
315606081
201553734
581315433
130954244
344026733
26507351
264073299
15435943
382361038
306011077
212608034
485856396
847195274
703936974
655672919
59213809
426090887
943516321
179527323
796452130
705803685
692921920
429138879
277166253
145061474
628101384
76374424
622099525
648184363
205845176
87610457
358685424
242070236
466597653
31779244
763691484
91510243
848870332
936416236
489468690
828351223
367738267
216721113
255583820
622468910
899818827
69073517
772758116
609068704
887248462
891645433
422685168
618068910
248633800
319863923
553845149
294080407
667982933
113210628
420693933
19875974
139592843
377352324
861943054
268732950
951385513
549150911
483541961
160664781
651729262
133113780
701844709
870633649
19785103
690358043
199306844
497583897
305724607
559907240
115543551
965345210
858520474
127598947
54033752
349446538
289466772
989173766
480875831
460333823
323364006
594132622
372826515
96597775
280949592
752931622
484013888
527183739
193538628
436290815
446502597
114665508
922189343
791151751
788820108
913611071
292881789
506555266
704084376
250793254
724346528
742719647
975021601
199751161
219571885
347405749
609590328
536595803
495918237
115393734
934964211
647590143
460642794
962801742
567011324
994888302
696142005
732744625
427889428
114270786
366847401
78143866
825408755
516618599
229119847
363945127
800444596
435023093
564493444
43435299
455539711
99614757
703508136
745416593
73619969
478563310
216035301
781177186
673547953
957766186
530300854
185225573
568545364
45179282
666177049
666430338
897139237
595160464
327661057
559010453
209331859
202100282
344400292
175116659
795383740
629683746
166222680
651823135
387843837
992817761
707167501
714706355
452676513
194841046
62428400
838585792
398049680
41577073
888911879
116252020
394949962
408938226
415730751
346387331
750869994
868723734
80261431
569438124
661455743
364165693
984526506
355316045
427469467
16593370
877885248
592884032
879900420
388967068
571953596
424467860
363574165
406381321
214659340
653502015
448214885
523830569
18165976
295236724
532765688
92535872
57223111
196040309
368584773
366604777
81987683
916866086
358740858
557447255
782557785
723939063
437659578
701421341
155421662
584048523
88577125
385515452
240875802
864029341
174911682
818281873
183498034
504559477
229651261
87352768
271891135
59831907
686233661
42360240
197821655
607852672
358124536
670165100
157280028
304989047
650663755
28777129
187989476
737759700
560425445
768205353
331016091
862701688
302228538
275034415
733995278
346835064
519110688
814669788
362307132
28191462
166125885
272988474
145480686
649397151
316283782
872891364
125298731
759481592
707595759
243714809
102357918
873329180
94718599
329096756
421055718
264664871
692835138
32307451
960945924
386521642
527793462
717112023
656784983
94685568
689985584
617069226
329750917
937812010
440794633
30058464
8306760
280630269
66496494
89792290
15968323
491133541
464005788
225964528
172398060
653370572
229596692
10494089
138879439
837369525
375195266
849411893
474393384
7896003
408450050
126878161
364908415
339278718
626724504
364529179
55864385
143856823
647270906
8109513
443511453
42423444
810159865
139016819
852512453
807034503
234804321
384248723
544531152
187336561
18254164
53837117
994641955
465314420
31362767
302986279
966632863
756521882
132876669
872102796
971557448
620407369
227514908
832320446
985006731
172047407
468009560
53364842
812665123
524397101
519796497
249721753
684957464
295700088
5938296
592971388
662241987
589629081
576751249
950667156
506195915
413249921
814934902
948811178
710236836
800881491
687068999
762809258
580084390
594899652
471688058
848295248
594338763
438892589
941336485
619820798
946581005
8368623
68724496
215066264
750612687
954781592
667203074
220139487
822677517
487202199
494498963
748362518
295869333
278624855
826822234
477917111
257493206
518863237
694086214
503827543
642276735
895589174
505896547
101968528
832512861
678162877
185153203
348333024
758947160
721851331
244162824
174949591
132201944
681055410
893131080
78978037
725432490
408487950
465266225
339929977
90912944
564012610
555159306
429264611
669866077
786047288
296064623
73148897
840655499
441229991
39083224
345268614
393762364
235675963
230226478
168677710
346526903
198874234
958493403
741800034
335688746
309279142
263119121
447804085
965545651
530935698
538559177
439189217
965474333
234737984
964127707
681729346
197872600
762467992
930887188
251354197
107473915
820771454
542231852
681621441
335841311
590066994
338591201
51540953
740332243
346550810
709953267
186919387
68626222
487240470
939380750
647946750
44575506
110097206
630359122
971126885
382015562
672992319
81019738
647614282
868824494
616358882
916124757
309284030
57571942
256517189
731714367
868470667
159287502
244303940
680919606
453514407
928052211
862139896
206124821
968770543
78003772
760855590
112916813
82433807
354108796
138616547
160535852
401881947
467216253
959711120
482562372
144963266
244368129
91339478
288536384
130123312
491302098
940939019
126129402
865184359
888823273
448022852
456431772
830959494
595615294
310668412
865349796
34329913
372059975
892046620
181091653
510934479
450393315
927171875
420899410
882213526
58386894
611345203
313944012
940773776
873506113
514872543
266050920
807830284
424935982
941708150
143776987
660877587
805057285
149019234
320711286
110354961
56053336
429671534
780821315
417240424
85844326
289123321
739347634
784201852
520264605
777982794
956173331
359100777
146498534
152502642
731324535
703698850
796942421
885282889
657200838
900556640
999096975
483255322
612333006
660410457
569720559
594597184
723105124
821975819
307897329
157256737
875658520
342729887
521480511
586139116
353166615
535239159
466555132
406105744
85067782
865287351
36571030
839946183
838125501
733826770
105259089
970618528
656857425
27174336
928734707
745984974
426503477
289245035
337519413
261387549
973131813
94969584
431925374
740282856
197496055
641074682
428777799
704786979
970229248
567283751
422927332
846167224
882227880
126954572
651222834
661803818
60873036
706911042
672136393
602762198
710368685
900185849
509106369
400800388
351324107
43880737
479478959
126985628
606671370
127952217
481356277
360621283
238374273
803549927
985712925
770261329
990843781
950564014
20313076
216994463
645754960
911530985
239461912
249618561
912635384
420727106
993756338
831767663
460936508
527576874
399341334
501208104
203400036
22818916
604937654
399886372
144390055
704393010
140798441
344679161
142966209
182974438
515674456
661503782
10013357
380266004
486743937
676747188
224587540
672734154
332664155
12758721
508370537
655719792
254085834
807812595
996723149
5689269
231168051
264039518
373733712
342391681
871067098
115359674
919577869
10799541
859315698
825859741
434254783
993361441
444258768
113539326
320118346
67721046
565028705
324865138
73072728
538975995
951474109
128319737
365387418
196981647
391639687
283738039
204209131
108380731
266934754
687962293
531198840
843764485
161833972
865985136
451651711
918939551
119668518
20847954
551223270
99373623
650011728
875858770
645913993
400332083
281304772
786078409
974442085
562960103
928905363
3495812
111728481
113578978
441707731
686293580
255578255
253343530
703828016
18098239
16937449
974325981
353464292
121254591
650544727
572392688
619754463
420220265
61191656
691266743
440798724
31242872
906543556
187692974
759861930
359078200
949742445
355379165
543421631
678441074
105065653
759972218
86691542
120584142
422094186
391334110
566868805
611630976
351405402
236582366
725997501
185121045
879344172
818534098
